sx:	0
sy:	11
ex:	28
ey:	44
shortestPathLength:	45.00842
straightLineDistance:	43.27817
directness:	1.0399797
distanceCoverage:	0.61204576
minMapCoverage:	0.63651514
shortestPathHeadingChanges:	9
minHeadingChanges:	4
