sx:	0
sy:	28
ex:	46
ey:	46
shortestPathLength:	51.638294
straightLineDistance:	49.396355
directness:	1.0453868
distanceCoverage:	0.69856995
minMapCoverage:	0.73027575
shortestPathHeadingChanges:	10
minHeadingChanges:	5
