sx:	1
sy:	15
ex:	9
ey:	26
shortestPathLength:	13.838898
straightLineDistance:	13.601471
directness:	1.0174559
distanceCoverage:	0.19235384
minMapCoverage:	0.19571157
shortestPathHeadingChanges:	5
minHeadingChanges:	4
