sx:	1
sy:	19
ex:	8
ey:	27
shortestPathLength:	11.064495
straightLineDistance:	10.630146
directness:	1.0408602
distanceCoverage:	0.15033297
minMapCoverage:	0.15647559
shortestPathHeadingChanges:	5
minHeadingChanges:	3
