sx:	15
sy:	13
ex:	40
ey:	32
shortestPathLength:	34.93455
straightLineDistance:	31.400637
directness:	1.1125427
distanceCoverage:	0.44407207
minMapCoverage:	0.49404916
shortestPathHeadingChanges:	5
minHeadingChanges:	5
