sx:	20
sy:	22
ex:	0
ey:	23
shortestPathLength:	20.055386
straightLineDistance:	20.024984
directness:	1.0015181
distanceCoverage:	0.28319603
minMapCoverage:	0.283626
shortestPathHeadingChanges:	4
minHeadingChanges:	4
