sx:	20
sy:	42
ex:	33
ey:	7
shortestPathLength:	38.418552
straightLineDistance:	37.336308
directness:	1.0289863
distanceCoverage:	0.52801514
minMapCoverage:	0.54332036
shortestPathHeadingChanges:	7
minHeadingChanges:	4
