sx:	20
sy:	5
ex:	18
ey:	20
shortestPathLength:	15.683729
straightLineDistance:	15.132746
directness:	1.03641
distanceCoverage:	0.21400934
minMapCoverage:	0.22180143
shortestPathHeadingChanges:	6
minHeadingChanges:	4
