sx:	24
sy:	19
ex:	11
ey:	46
shortestPathLength:	31.743874
straightLineDistance:	29.966648
directness:	1.0593067
distanceCoverage:	0.4237924
minMapCoverage:	0.44892618
shortestPathHeadingChanges:	6
minHeadingChanges:	4
