sx:	24
sy:	20
ex:	10
ey:	19
shortestPathLength:	14.062258
straightLineDistance:	14.035668
directness:	1.0018945
distanceCoverage:	0.19849433
minMapCoverage:	0.19887036
shortestPathHeadingChanges:	3
minHeadingChanges:	3
