sx:	24
sy:	6
ex:	16
ey:	19
shortestPathLength:	16.664583
straightLineDistance:	15.264338
directness:	1.0917331
distanceCoverage:	0.21587034
minMapCoverage:	0.2356728
shortestPathHeadingChanges:	3
minHeadingChanges:	3
