sx:	25
sy:	39
ex:	10
ey:	14
shortestPathLength:	31.49704
straightLineDistance:	29.15476
directness:	1.0803396
distanceCoverage:	0.41231057
minMapCoverage:	0.4454354
shortestPathHeadingChanges:	6
minHeadingChanges:	5
