sx:	26
sy:	16
ex:	34
ey:	21
shortestPathLength:	16.003897
straightLineDistance:	9.433981
directness:	1.6964097
distanceCoverage:	0.13341664
minMapCoverage:	0.22632928
shortestPathHeadingChanges:	9
minHeadingChanges:	4
