sx:	26
sy:	12
ex:	8
ey:	27
shortestPathLength:	23.576117
straightLineDistance:	23.43075
directness:	1.0062041
distanceCoverage:	0.33136085
minMapCoverage:	0.33341664
shortestPathHeadingChanges:	3
minHeadingChanges:	3
