sx:	27
sy:	9
ex:	5
ey:	32
shortestPathLength:	32.457268
straightLineDistance:	31.827662
directness:	1.0197817
distanceCoverage:	0.4501111
minMapCoverage:	0.45901507
shortestPathHeadingChanges:	7
minHeadingChanges:	5
