sx:	29
sy:	25
ex:	4
ey:	7
shortestPathLength:	32.257217
straightLineDistance:	30.805843
directness:	1.0471135
distanceCoverage:	0.43566042
minMapCoverage:	0.45618594
shortestPathHeadingChanges:	5
minHeadingChanges:	4
