sx:	29
sy:	24
ex:	50
ey:	35
shortestPathLength:	24.591175
straightLineDistance:	23.70654
directness:	1.0373161
distanceCoverage:	0.3352611
minMapCoverage:	0.34777173
shortestPathHeadingChanges:	6
minHeadingChanges:	4
