sx:	3
sy:	45
ex:	33
ey:	48
shortestPathLength:	30.708204
straightLineDistance:	30.149628
directness:	1.0185268
distanceCoverage:	0.42638013
minMapCoverage:	0.4342796
shortestPathHeadingChanges:	3
minHeadingChanges:	3
