sx:	34
sy:	22
ex:	0
ey:	37
shortestPathLength:	38.682472
straightLineDistance:	37.161808
directness:	1.0409201
distanceCoverage:	0.5255473
minMapCoverage:	0.54705274
shortestPathHeadingChanges:	7
minHeadingChanges:	5
