sx:	34
sy:	7
ex:	23
ey:	2
shortestPathLength:	12.476471
straightLineDistance:	12.083046
directness:	1.0325601
distanceCoverage:	0.17088008
minMapCoverage:	0.17644395
shortestPathHeadingChanges:	4
minHeadingChanges:	4
