sx:	35
sy:	43
ex:	50
ey:	49
shortestPathLength:	16.234022
straightLineDistance:	16.155495
directness:	1.0048608
distanceCoverage:	0.2284732
minMapCoverage:	0.22958374
shortestPathHeadingChanges:	4
minHeadingChanges:	4
