sx:	37
sy:	34
ex:	12
ey:	15
shortestPathLength:	34.2092
straightLineDistance:	31.400637
directness:	1.089443
distanceCoverage:	0.44407207
minMapCoverage:	0.48379117
shortestPathHeadingChanges:	9
minHeadingChanges:	5
