sx:	38
sy:	41
ex:	42
ey:	6
shortestPathLength:	36.215202
straightLineDistance:	35.22783
directness:	1.0280282
distanceCoverage:	0.49819672
minMapCoverage:	0.5121603
shortestPathHeadingChanges:	6
minHeadingChanges:	4
