sx:	39
sy:	13
ex:	30
ey:	48
shortestPathLength:	36.464905
straightLineDistance:	36.138622
directness:	1.0090287
distanceCoverage:	0.5110773
minMapCoverage:	0.51569164
shortestPathHeadingChanges:	5
minHeadingChanges:	4
