sx:	4
sy:	11
ex:	34
ey:	9
shortestPathLength:	32.324554
straightLineDistance:	30.066593
directness:	1.0750986
distanceCoverage:	0.42520583
minMapCoverage:	0.45713824
shortestPathHeadingChanges:	5
minHeadingChanges:	4
