sx:	40
sy:	2
ex:	4
ey:	24
shortestPathLength:	43.751503
straightLineDistance:	42.190044
directness:	1.0370101
distanceCoverage:	0.59665734
minMapCoverage:	0.61873966
shortestPathHeadingChanges:	8
minHeadingChanges:	5
