sx:	41
sy:	45
ex:	39
ey:	41
shortestPathLength:	5.236068
straightLineDistance:	4.472136
directness:	1.1708204
distanceCoverage:	0.06324556
minMapCoverage:	0.07404918
shortestPathHeadingChanges:	3
minHeadingChanges:	3
