sx:	44
sy:	26
ex:	19
ey:	40
shortestPathLength:	33.564102
straightLineDistance:	28.653097
directness:	1.1713953
distanceCoverage:	0.40521598
minMapCoverage:	0.4746681
shortestPathHeadingChanges:	4
minHeadingChanges:	3
