sx:	44
sy:	48
ex:	39
ey:	11
shortestPathLength:	38.845615
straightLineDistance:	37.336308
directness:	1.0404247
distanceCoverage:	0.52801514
minMapCoverage:	0.54936
shortestPathHeadingChanges:	6
minHeadingChanges:	5
