sx:	45
sy:	41
ex:	28
ey:	19
shortestPathLength:	28.211824
straightLineDistance:	27.802877
directness:	1.0147088
distanceCoverage:	0.39319205
minMapCoverage:	0.39897546
shortestPathHeadingChanges:	4
minHeadingChanges:	4
