sx:	47
sy:	48
ex:	46
ey:	33
shortestPathLength:	15.414213
straightLineDistance:	15.033297
directness:	1.0253382
distanceCoverage:	0.21260291
minMapCoverage:	0.21798989
shortestPathHeadingChanges:	3
minHeadingChanges:	3
