sx:	47
sy:	5
ex:	11
ey:	44
shortestPathLength:	53.810104
straightLineDistance:	53.075417
directness:	1.0138423
distanceCoverage:	0.75059974
minMapCoverage:	0.7609898
shortestPathHeadingChanges:	7
minHeadingChanges:	5
