sx:	6
sy:	21
ex:	2
ey:	46
shortestPathLength:	30.632145
straightLineDistance:	25.317978
directness:	1.2098969
distanceCoverage:	0.3580503
minMapCoverage:	0.43320394
shortestPathHeadingChanges:	7
minHeadingChanges:	5
