sx:	6
sy:	41
ex:	33
ey:	10
shortestPathLength:	44.079304
straightLineDistance:	41.109608
directness:	1.0722384
distanceCoverage:	0.5813776
minMapCoverage:	0.6233755
shortestPathHeadingChanges:	12
minHeadingChanges:	4
