sx:	7
sy:	34
ex:	26
ey:	45
shortestPathLength:	23.619186
straightLineDistance:	21.954498
directness:	1.0758245
distanceCoverage:	0.3104835
minMapCoverage:	0.33402574
shortestPathHeadingChanges:	4
minHeadingChanges:	3
