sx:	0
sy:	9
ex:	36
ey:	18
shortestPathLength:	38.238163
straightLineDistance:	37.107952
directness:	1.0304574
distanceCoverage:	0.3638734
minMapCoverage:	0.37495604
shortestPathHeadingChanges:	6
minHeadingChanges:	4
