sx:	11
sy:	17
ex:	75
ey:	13
shortestPathLength:	65.32396
straightLineDistance:	64.12488
directness:	1.0186992
distanceCoverage:	0.62879616
minMapCoverage:	0.64055413
shortestPathHeadingChanges:	10
minHeadingChanges:	6
