sx:	12
sy:	7
ex:	77
ey:	13
shortestPathLength:	66.254005
straightLineDistance:	65.27634
directness:	1.0149773
distanceCoverage:	0.6400871
minMapCoverage:	0.64967394
shortestPathHeadingChanges:	10
minHeadingChanges:	7
