sx:	14
sy:	11
ex:	85
ey:	18
shortestPathLength:	72.57661
straightLineDistance:	71.34424
directness:	1.0172735
distanceCoverage:	0.6995878
minMapCoverage:	0.7116722
shortestPathHeadingChanges:	12
minHeadingChanges:	6
