sx:	16
sy:	18
ex:	4
ey:	11
shortestPathLength:	16.694641
straightLineDistance:	13.892444
directness:	1.2017066
distanceCoverage:	0.13622661
minMapCoverage:	0.16370443
shortestPathHeadingChanges:	5
minHeadingChanges:	3
