sx:	16
sy:	5
ex:	54
ey:	12
shortestPathLength:	39.675323
straightLineDistance:	38.63936
directness:	1.0268111
distanceCoverage:	0.37889007
minMapCoverage:	0.38904855
shortestPathHeadingChanges:	6
minHeadingChanges:	6
