sx:	19
sy:	2
ex:	18
ey:	15
shortestPathLength:	13.667809
straightLineDistance:	13.038404
directness:	1.0482731
distanceCoverage:	0.12785207
minMapCoverage:	0.13402389
shortestPathHeadingChanges:	4
minHeadingChanges:	3
