sx:	22
sy:	14
ex:	83
ey:	17
shortestPathLength:	62.565987
straightLineDistance:	61.073727
directness:	1.0244337
distanceCoverage:	0.59887713
minMapCoverage:	0.61350995
shortestPathHeadingChanges:	11
minHeadingChanges:	6
