sx:	25
sy:	14
ex:	40
ey:	16
shortestPathLength:	15.133326
straightLineDistance:	15.132746
directness:	1.0000383
distanceCoverage:	0.14838877
minMapCoverage:	0.14839447
shortestPathHeadingChanges:	3
minHeadingChanges:	3
