sx:	26
sy:	16
ex:	8
ey:	19
shortestPathLength:	18.401754
straightLineDistance:	18.248287
directness:	1.00841
distanceCoverage:	0.17893918
minMapCoverage:	0.18044405
shortestPathHeadingChanges:	3
minHeadingChanges:	3
