sx:	29
sy:	12
ex:	79
ey:	15
shortestPathLength:	51.38201
straightLineDistance:	50.08992
directness:	1.0257955
distanceCoverage:	0.49117208
minMapCoverage:	0.50384206
shortestPathHeadingChanges:	11
minHeadingChanges:	5
