sx:	31
sy:	13
ex:	52
ey:	16
shortestPathLength:	30.045904
straightLineDistance:	21.213203
directness:	1.4163775
distanceCoverage:	0.20801257
minMapCoverage:	0.29462433
shortestPathHeadingChanges:	9
minHeadingChanges:	5
