sx:	31
sy:	9
ex:	89
ey:	13
shortestPathLength:	58.863125
straightLineDistance:	58.137768
directness:	1.0124766
distanceCoverage:	0.57008773
minMapCoverage:	0.5772004
shortestPathHeadingChanges:	10
minHeadingChanges:	6
