sx:	35
sy:	20
ex:	78
ey:	3
shortestPathLength:	48.875397
straightLineDistance:	46.238514
directness:	1.0570278
distanceCoverage:	0.45340592
minMapCoverage:	0.47926268
shortestPathHeadingChanges:	6
minHeadingChanges:	5
