sx:	47
sy:	18
ex:	82
ey:	5
shortestPathLength:	42.00743
straightLineDistance:	37.336308
directness:	1.1251094
distanceCoverage:	0.36611262
minMapCoverage:	0.41191673
shortestPathHeadingChanges:	8
minHeadingChanges:	4
