sx:	52
sy:	3
ex:	8
ey:	18
shortestPathLength:	47.110172
straightLineDistance:	46.486557
directness:	1.013415
distanceCoverage:	0.45583817
minMapCoverage:	0.46195322
shortestPathHeadingChanges:	6
minHeadingChanges:	4
