sx:	54
sy:	7
ex:	4
ey:	14
shortestPathLength:	54.661053
straightLineDistance:	50.48762
directness:	1.0826625
distanceCoverage:	0.49507186
minMapCoverage:	0.5359957
shortestPathHeadingChanges:	12
minHeadingChanges:	7
