sx:	58
sy:	18
ex:	20
ey:	0
shortestPathLength:	44.784565
straightLineDistance:	42.047592
directness:	1.0650922
distanceCoverage:	0.41231054
minMapCoverage:	0.43914878
shortestPathHeadingChanges:	6
minHeadingChanges:	5
