sx:	66
sy:	11
ex:	85
ey:	3
shortestPathLength:	20.697716
straightLineDistance:	20.615528
directness:	1.0039867
distanceCoverage:	0.20215188
minMapCoverage:	0.2029578
shortestPathHeadingChanges:	3
minHeadingChanges:	3
