sx:	72
sy:	10
ex:	57
ey:	4
shortestPathLength:	16.27936
straightLineDistance:	16.155495
directness:	1.0076671
distanceCoverage:	0.15841766
minMapCoverage:	0.15963225
shortestPathHeadingChanges:	3
minHeadingChanges:	3
