sx:	72
sy:	20
ex:	49
ey:	2
shortestPathLength:	32.543697
straightLineDistance:	29.206163
directness:	1.114275
distanceCoverage:	0.28638998
minMapCoverage:	0.3191172
shortestPathHeadingChanges:	7
minHeadingChanges:	5
