sx:	79
sy:	7
ex:	66
ey:	11
shortestPathLength:	13.649111
straightLineDistance:	13.601471
directness:	1.0035026
distanceCoverage:	0.1333734
minMapCoverage:	0.13384055
shortestPathHeadingChanges:	3
minHeadingChanges:	3
