sx:	80
sy:	18
ex:	16
ey:	20
shortestPathLength:	67.340256
straightLineDistance:	64.03124
directness:	1.0516781
distanceCoverage:	0.62787795
minMapCoverage:	0.6603255
shortestPathHeadingChanges:	13
minHeadingChanges:	6
