sx:	80
sy:	14
ex:	34
ey:	1
shortestPathLength:	49.066986
straightLineDistance:	47.801674
directness:	1.0264701
distanceCoverage:	0.46873397
minMapCoverage:	0.48114136
shortestPathHeadingChanges:	7
minHeadingChanges:	5
