sx:	85
sy:	14
ex:	40
ey:	0
shortestPathLength:	48.000908
straightLineDistance:	47.127487
directness:	1.0185331
distanceCoverage:	0.46212304
minMapCoverage:	0.47068763
shortestPathHeadingChanges:	5
minHeadingChanges:	4
