sx:	91
sy:	18
ex:	77
ey:	10
shortestPathLength:	16.251982
straightLineDistance:	16.124516
directness:	1.0079051
distanceCoverage:	0.15811388
minMapCoverage:	0.15936379
shortestPathHeadingChanges:	3
minHeadingChanges:	3
