sx:	95
sy:	15
ex:	14
ey:	20
shortestPathLength:	83.15099
straightLineDistance:	81.154175
directness:	1.0246053
distanceCoverage:	0.79578215
minMapCoverage:	0.8153626
shortestPathHeadingChanges:	13
minHeadingChanges:	7
