sx:	96
sy:	5
ex:	2
ey:	19
shortestPathLength:	96.188126
straightLineDistance:	95.036835
directness:	1.0121142
distanceCoverage:	0.93191284
minMapCoverage:	0.94320214
shortestPathHeadingChanges:	10
minHeadingChanges:	8
