sx:	97
sy:	18
ex:	12
ey:	13
shortestPathLength:	86.59718
straightLineDistance:	85.146935
directness:	1.0170323
distanceCoverage:	0.83493435
minMapCoverage:	0.84915525
shortestPathHeadingChanges:	13
minHeadingChanges:	7
