sx:	1
sy:	176
ex:	40
ey:	119
shortestPathLength:	81.048706
straightLineDistance:	69.065186
directness:	1.1735103
distanceCoverage:	0.13744485
minMapCoverage:	0.16129296
shortestPathHeadingChanges:	19
minHeadingChanges:	12
