sx:	10
sy:	155
ex:	8
ey:	480
shortestPathLength:	392.44025
straightLineDistance:	325.00616
directness:	1.2074856
distanceCoverage:	0.64678645
minMapCoverage:	0.7809853
shortestPathHeadingChanges:	84
minHeadingChanges:	57
