sx:	11
sy:	429
ex:	4
ey:	419
shortestPathLength:	20.456142
straightLineDistance:	12.206555
directness:	1.6758325
distanceCoverage:	0.024291953
minMapCoverage:	0.040709246
shortestPathHeadingChanges:	7
minHeadingChanges:	5
