sx:	12
sy:	276
ex:	32
ey:	364
shortestPathLength:	102.53228
straightLineDistance:	90.24411
directness:	1.1361659
distanceCoverage:	0.17959249
minMapCoverage:	0.20404686
shortestPathHeadingChanges:	22
minHeadingChanges:	15
