sx:	14
sy:	127
ex:	50
ey:	234
shortestPathLength:	172.27934
straightLineDistance:	112.89375
directness:	1.5260308
distanceCoverage:	0.22466697
minMapCoverage:	0.34284872
shortestPathHeadingChanges:	42
minHeadingChanges:	29
