sx:	14
sy:	237
ex:	39
ey:	489
shortestPathLength:	293.99155
straightLineDistance:	253.23705
directness:	1.1609342
distanceCoverage:	0.50396055
minMapCoverage:	0.58506507
shortestPathHeadingChanges:	54
minHeadingChanges:	37
