sx:	14
sy:	81
ex:	34
ey:	484
shortestPathLength:	473.95438
straightLineDistance:	403.49597
directness:	1.1746198
distanceCoverage:	0.802987
minMapCoverage:	0.94320446
shortestPathHeadingChanges:	99
minHeadingChanges:	64
