sx:	16
sy:	1
ex:	28
ey:	374
shortestPathLength:	444.99014
straightLineDistance:	373.193
directness:	1.1923862
distanceCoverage:	0.7426818
minMapCoverage:	0.8855635
shortestPathHeadingChanges:	96
minHeadingChanges:	59
