sx:	16
sy:	71
ex:	50
ey:	147
shortestPathLength:	98.00483
straightLineDistance:	83.25864
directness:	1.177113
distanceCoverage:	0.16569088
minMapCoverage:	0.1950369
shortestPathHeadingChanges:	26
minHeadingChanges:	16
