sx:	17
sy:	244
ex:	43
ey:	238
shortestPathLength:	34.674717
straightLineDistance:	26.683329
directness:	1.29949
distanceCoverage:	0.053101808
minMapCoverage:	0.069005266
shortestPathHeadingChanges:	8
minHeadingChanges:	7
