sx:	17
sy:	489
ex:	16
ey:	488
shortestPathLength:	1.4142135
straightLineDistance:	1.4142135
directness:	1.0
distanceCoverage:	0.0028143902
minMapCoverage:	0.0028143902
shortestPathHeadingChanges:	2
minHeadingChanges:	2
