sx:	20
sy:	176
ex:	15
ey:	247
shortestPathLength:	93.2183
straightLineDistance:	71.17584
directness:	1.3096901
distanceCoverage:	0.14164522
minMapCoverage:	0.18551135
shortestPathHeadingChanges:	27
minHeadingChanges:	19
