sx:	20
sy:	312
ex:	19
ey:	483
shortestPathLength:	205.28061
straightLineDistance:	171.00293
directness:	1.2004508
distanceCoverage:	0.34030855
minMapCoverage:	0.40852368
shortestPathHeadingChanges:	38
minHeadingChanges:	27
