sx:	21
sy:	67
ex:	42
ey:	349
shortestPathLength:	339.43768
straightLineDistance:	282.78082
directness:	1.2003561
distanceCoverage:	0.56275487
minMapCoverage:	0.67550623
shortestPathHeadingChanges:	77
minHeadingChanges:	46
