sx:	22
sy:	58
ex:	46
ey:	71
shortestPathLength:	28.347881
straightLineDistance:	27.294687
directness:	1.038586
distanceCoverage:	0.054318458
minMapCoverage:	0.05641439
shortestPathHeadingChanges:	5
minHeadingChanges:	5
