sx:	23
sy:	369
ex:	44
ey:	50
shortestPathLength:	370.12643
straightLineDistance:	319.69046
directness:	1.157765
distanceCoverage:	0.6362078
minMapCoverage:	0.7365791
shortestPathHeadingChanges:	80
minHeadingChanges:	47
