sx:	24
sy:	459
ex:	17
ey:	25
shortestPathLength:	513.2102
straightLineDistance:	434.05646
directness:	1.1823581
distanceCoverage:	0.86380464
minMapCoverage:	1.0213265
shortestPathHeadingChanges:	108
minHeadingChanges:	70
