sx:	25
sy:	242
ex:	20
ey:	470
shortestPathLength:	266.4795
straightLineDistance:	228.05482
directness:	1.1684887
distanceCoverage:	0.45384607
minMapCoverage:	0.530314
shortestPathHeadingChanges:	49
minHeadingChanges:	35
