sx:	26
sy:	135
ex:	9
ey:	3
shortestPathLength:	151.88828
straightLineDistance:	133.0902
directness:	1.1412432
distanceCoverage:	0.26485938
minMapCoverage:	0.30226898
shortestPathHeadingChanges:	27
minHeadingChanges:	18
