sx:	27
sy:	134
ex:	28
ey:	68
shortestPathLength:	77.645424
straightLineDistance:	66.007576
directness:	1.1763108
distanceCoverage:	0.13136
minMapCoverage:	0.15452017
shortestPathHeadingChanges:	18
minHeadingChanges:	12
