sx:	28
sy:	468
ex:	23
ey:	459
shortestPathLength:	23.46215
straightLineDistance:	10.29563
directness:	2.2788455
distanceCoverage:	0.02048907
minMapCoverage:	0.046691425
shortestPathHeadingChanges:	7
minHeadingChanges:	6
