sx:	3
sy:	437
ex:	20
ey:	347
shortestPathLength:	137.26274
straightLineDistance:	91.591484
directness:	1.4986409
distanceCoverage:	0.18227386
minMapCoverage:	0.27316308
shortestPathHeadingChanges:	32
minHeadingChanges:	22
