sx:	30
sy:	471
ex:	8
ey:	253
shortestPathLength:	263.55176
straightLineDistance:	219.10728
directness:	1.2028434
distanceCoverage:	0.4360398
minMapCoverage:	0.5244876
shortestPathHeadingChanges:	52
minHeadingChanges:	34
