sx:	32
sy:	219
ex:	4
ey:	4
shortestPathLength:	276.04196
straightLineDistance:	216.81558
directness:	1.2731647
distanceCoverage:	0.43147916
minMapCoverage:	0.54934406
shortestPathHeadingChanges:	57
minHeadingChanges:	36
