sx:	34
sy:	266
ex:	1
ey:	391
shortestPathLength:	165.99562
straightLineDistance:	129.28264
directness:	1.2839745
distanceCoverage:	0.25728208
minMapCoverage:	0.33034363
shortestPathHeadingChanges:	34
minHeadingChanges:	23
