sx:	35
sy:	258
ex:	48
ey:	181
shortestPathLength:	98.56428
straightLineDistance:	78.08969
directness:	1.2621932
distanceCoverage:	0.1554043
minMapCoverage:	0.19615024
shortestPathHeadingChanges:	19
minHeadingChanges:	16
