sx:	35
sy:	82
ex:	6
ey:	210
shortestPathLength:	162.17603
straightLineDistance:	131.24405
directness:	1.2356828
distanceCoverage:	0.26118544
minMapCoverage:	0.32274234
shortestPathHeadingChanges:	42
minHeadingChanges:	24
