sx:	37
sy:	119
ex:	5
ey:	186
shortestPathLength:	88.1978
straightLineDistance:	74.24958
directness:	1.1878558
distanceCoverage:	0.1477622
minMapCoverage:	0.17552018
shortestPathHeadingChanges:	22
minHeadingChanges:	14
