sx:	37
sy:	406
ex:	40
ey:	38
shortestPathLength:	418.50214
straightLineDistance:	368.01224
directness:	1.1371963
distanceCoverage:	0.73237175
minMapCoverage:	0.8328504
shortestPathHeadingChanges:	89
minHeadingChanges:	54
