sx:	39
sy:	44
ex:	35
ey:	45
shortestPathLength:	4.1622777
straightLineDistance:	4.1231055
directness:	1.0095006
distanceCoverage:	0.008205287
minMapCoverage:	0.008283243
shortestPathHeadingChanges:	3
minHeadingChanges:	3
