sx:	40
sy:	176
ex:	3
ey:	51
shortestPathLength:	185.53944
straightLineDistance:	130.36104
directness:	1.4232738
distanceCoverage:	0.25942817
minMapCoverage:	0.3692373
shortestPathHeadingChanges:	41
minHeadingChanges:	22
