sx:	41
sy:	499
ex:	42
ey:	375
shortestPathLength:	146.436
straightLineDistance:	124.004036
directness:	1.1808971
distanceCoverage:	0.24677725
minMapCoverage:	0.29141855
shortestPathHeadingChanges:	28
minHeadingChanges:	21
