sx:	41
sy:	412
ex:	6
ey:	186
shortestPathLength:	269.0973
straightLineDistance:	228.69412
directness:	1.176669
distanceCoverage:	0.45511833
minMapCoverage:	0.53552365
shortestPathHeadingChanges:	58
minHeadingChanges:	42
