sx:	42
sy:	267
ex:	43
ey:	263
shortestPathLength:	4.1231055
straightLineDistance:	4.1231055
directness:	1.0
distanceCoverage:	0.008205287
minMapCoverage:	0.008205287
shortestPathHeadingChanges:	2
minHeadingChanges:	2
