sx:	42
sy:	24
ex:	29
ey:	16
shortestPathLength:	55.76213
straightLineDistance:	15.264338
directness:	3.6530986
distanceCoverage:	0.030377168
minMapCoverage:	0.11097079
shortestPathHeadingChanges:	13
minHeadingChanges:	12
