sx:	42
sy:	48
ex:	10
ey:	27
shortestPathLength:	56.86277
straightLineDistance:	38.27532
directness:	1.485625
distanceCoverage:	0.07617073
minMapCoverage:	0.11316115
shortestPathHeadingChanges:	17
minHeadingChanges:	11
