sx:	45
sy:	177
ex:	2
ey:	477
shortestPathLength:	354.31464
straightLineDistance:	303.066
directness:	1.1691005
distanceCoverage:	0.6031239
minMapCoverage:	0.7051125
shortestPathHeadingChanges:	68
minHeadingChanges:	47
