sx:	45
sy:	192
ex:	47
ey:	290
shortestPathLength:	137.14258
straightLineDistance:	98.02041
directness:	1.3991227
distanceCoverage:	0.19506791
minMapCoverage:	0.27292395
shortestPathHeadingChanges:	27
minHeadingChanges:	18
