sx:	47
sy:	304
ex:	43
ey:	150
shortestPathLength:	225.98535
straightLineDistance:	154.05194
directness:	1.4669425
distanceCoverage:	0.30657482
minMapCoverage:	0.44972765
shortestPathHeadingChanges:	57
minHeadingChanges:	37
