sx:	5
sy:	22
ex:	17
ey:	445
shortestPathLength:	498.08813
straightLineDistance:	423.17017
directness:	1.1770399
distanceCoverage:	0.84214014
minMapCoverage:	0.99123245
shortestPathHeadingChanges:	103
minHeadingChanges:	68
