sx:	5
sy:	90
ex:	34
ey:	294
shortestPathLength:	269.29895
straightLineDistance:	206.05096
directness:	1.3069531
distanceCoverage:	0.41005674
minMapCoverage:	0.535925
shortestPathHeadingChanges:	63
minHeadingChanges:	38
