sx:	50
sy:	155
ex:	36
ey:	472
shortestPathLength:	407.30353
straightLineDistance:	317.309
directness:	1.283618
distanceCoverage:	0.6314685
minMapCoverage:	0.81056434
shortestPathHeadingChanges:	92
minHeadingChanges:	61
