sx:	50
sy:	206
ex:	31
ey:	53
shortestPathLength:	190.60127
straightLineDistance:	154.17523
directness:	1.2362639
distanceCoverage:	0.30682018
minMapCoverage:	0.37931073
shortestPathHeadingChanges:	38
minHeadingChanges:	24
