sx:	6
sy:	446
ex:	4
ey:	5
shortestPathLength:	534.75836
straightLineDistance:	441.00455
directness:	1.2125915
distanceCoverage:	0.87763184
minMapCoverage:	1.064209
shortestPathHeadingChanges:	113
minHeadingChanges:	72
