sx:	8
sy:	239
ex:	15
ey:	123
shortestPathLength:	143.30243
straightLineDistance:	116.21101
directness:	1.2331226
distanceCoverage:	0.23126857
minMapCoverage:	0.2851825
shortestPathHeadingChanges:	41
minHeadingChanges:	26
