sx:	8
sy:	7
ex:	15
ey:	284
shortestPathLength:	325.49194
straightLineDistance:	277.08844
directness:	1.1746861
distanceCoverage:	0.5514266
minMapCoverage:	0.6477532
shortestPathHeadingChanges:	69
minHeadingChanges:	45
