sx:	100
sy:	86
ex:	21
ey:	25
shortestPathLength:	107.17809
straightLineDistance:	99.80982
directness:	1.0738231
distanceCoverage:	0.6300442
minMapCoverage:	0.676556
shortestPathHeadingChanges:	12
minHeadingChanges:	5
