sx:	102
sy:	84
ex:	15
ey:	73
shortestPathLength:	95.47135
straightLineDistance:	87.69264
directness:	1.0887042
distanceCoverage:	0.55355513
minMapCoverage:	0.60265785
shortestPathHeadingChanges:	5
minHeadingChanges:	4
