sx:	11
sy:	35
ex:	13
ey:	43
shortestPathLength:	9.062258
straightLineDistance:	8.246211
directness:	1.0989602
distanceCoverage:	0.05205377
minMapCoverage:	0.05720502
shortestPathHeadingChanges:	3
minHeadingChanges:	3
