sx:	11
sy:	62
ex:	47
ey:	59
shortestPathLength:	110.84843
straightLineDistance:	36.124783
directness:	3.068487
distanceCoverage:	0.22803576
minMapCoverage:	0.6997248
shortestPathHeadingChanges:	18
minHeadingChanges:	9
