sx:	13
sy:	101
ex:	40
ey:	94
shortestPathLength:	27.893492
straightLineDistance:	27.89265
directness:	1.0000302
distanceCoverage:	0.17607087
minMapCoverage:	0.17607619
shortestPathHeadingChanges:	3
minHeadingChanges:	3
