sx:	14
sy:	87
ex:	45
ey:	100
shortestPathLength:	33.900547
straightLineDistance:	33.61547
directness:	1.0084805
distanceCoverage:	0.21219587
minMapCoverage:	0.2139954
shortestPathHeadingChanges:	3
minHeadingChanges:	3
