sx:	15
sy:	45
ex:	89
ey:	90
shortestPathLength:	112.24779
straightLineDistance:	86.608315
directness:	1.2960393
distanceCoverage:	0.5467104
minMapCoverage:	0.7085582
shortestPathHeadingChanges:	8
minHeadingChanges:	4
