sx:	18
sy:	57
ex:	49
ey:	3
shortestPathLength:	69.59516
straightLineDistance:	62.26556
directness:	1.1177151
distanceCoverage:	0.39304805
minMapCoverage:	0.43931577
shortestPathHeadingChanges:	7
minHeadingChanges:	5
