sx:	25
sy:	87
ex:	105
ey:	71
shortestPathLength:	94.82101
straightLineDistance:	81.58431
directness:	1.1622456
distanceCoverage:	0.51499665
minMapCoverage:	0.5985526
shortestPathHeadingChanges:	10
minHeadingChanges:	7
