sx:	3
sy:	62
ex:	24
ey:	13
shortestPathLength:	53.3163
straightLineDistance:	53.310413
directness:	1.0001104
distanceCoverage:	0.33651915
minMapCoverage:	0.33655632
shortestPathHeadingChanges:	3
minHeadingChanges:	3
