sx:	31
sy:	59
ex:	3
ey:	48
shortestPathLength:	106.54699
straightLineDistance:	30.083218
directness:	3.5417418
distanceCoverage:	0.18989871
minMapCoverage:	0.6725722
shortestPathHeadingChanges:	13
minHeadingChanges:	7
