sx:	32
sy:	12
ex:	72
ey:	53
shortestPathLength:	58.266453
straightLineDistance:	57.280014
directness:	1.0172213
distanceCoverage:	0.36157703
minMapCoverage:	0.3678039
shortestPathHeadingChanges:	6
minHeadingChanges:	4
