sx:	33
sy:	69
ex:	30
ey:	61
shortestPathLength:	115.25705
straightLineDistance:	8.5440035
directness:	13.489818
distanceCoverage:	0.05393357
minMapCoverage:	0.727554
shortestPathHeadingChanges:	16
minHeadingChanges:	7
