sx:	34
sy:	28
ex:	28
ey:	11
shortestPathLength:	19.210348
straightLineDistance:	18.027756
directness:	1.0655984
distanceCoverage:	0.11379925
minMapCoverage:	0.1212643
shortestPathHeadingChanges:	5
minHeadingChanges:	4
