sx:	4
sy:	44
ex:	90
ey:	15
shortestPathLength:	95.059074
straightLineDistance:	90.75792
directness:	1.0473915
distanceCoverage:	0.5729045
minMapCoverage:	0.60005534
shortestPathHeadingChanges:	10
minHeadingChanges:	7
