sx:	40
sy:	46
ex:	19
ey:	32
shortestPathLength:	33.666138
straightLineDistance:	25.23886
directness:	1.3339009
distanceCoverage:	0.15931895
minMapCoverage:	0.21251571
shortestPathHeadingChanges:	5
minHeadingChanges:	3
