sx:	47
sy:	22
ex:	64
ey:	67
shortestPathLength:	84.48018
straightLineDistance:	48.104053
directness:	1.7561966
distanceCoverage:	0.30365428
minMapCoverage:	0.5332766
shortestPathHeadingChanges:	15
minHeadingChanges:	5
