sx:	48
sy:	91
ex:	22
ey:	76
shortestPathLength:	31.02594
straightLineDistance:	30.016663
directness:	1.0336239
distanceCoverage:	0.18947859
minMapCoverage:	0.1958496
shortestPathHeadingChanges:	4
minHeadingChanges:	3
