sx:	54
sy:	22
ex:	20
ey:	96
shortestPathLength:	109.323654
straightLineDistance:	81.437096
directness:	1.3424307
distanceCoverage:	0.51406735
minMapCoverage:	0.6900998
shortestPathHeadingChanges:	12
minHeadingChanges:	7
