sx:	56
sy:	15
ex:	68
ey:	49
shortestPathLength:	57.250393
straightLineDistance:	36.05551
directness:	1.5878403
distanceCoverage:	0.2275985
minMapCoverage:	0.36139005
shortestPathHeadingChanges:	8
minHeadingChanges:	5
