sx:	57
sy:	101
ex:	35
ey:	17
shortestPathLength:	121.30588
straightLineDistance:	86.833176
directness:	1.3969992
distanceCoverage:	0.5481298
minMapCoverage:	0.7657369
shortestPathHeadingChanges:	15
minHeadingChanges:	7
