sx:	63
sy:	28
ex:	41
ey:	46
shortestPathLength:	31.621334
straightLineDistance:	28.42534
directness:	1.1124346
distanceCoverage:	0.17943345
minMapCoverage:	0.199608
shortestPathHeadingChanges:	4
minHeadingChanges:	3
