sx:	63
sy:	31
ex:	34
ey:	98
shortestPathLength:	115.37427
straightLineDistance:	73.00685
directness:	1.5803211
distanceCoverage:	0.46085188
minMapCoverage:	0.72829396
shortestPathHeadingChanges:	13
minHeadingChanges:	5
