sx:	65
sy:	64
ex:	76
ey:	33
shortestPathLength:	44.878788
straightLineDistance:	32.89377
directness:	1.3643553
distanceCoverage:	0.20764017
minMapCoverage:	0.28329498
shortestPathHeadingChanges:	7
minHeadingChanges:	4
