sx:	68
sy:	18
ex:	21
ey:	45
shortestPathLength:	66.38386
straightLineDistance:	54.20332
directness:	1.2247194
distanceCoverage:	0.34215558
minMapCoverage:	0.41904458
shortestPathHeadingChanges:	8
minHeadingChanges:	5
