sx:	68
sy:	78
ex:	99
ey:	77
shortestPathLength:	37.20207
straightLineDistance:	31.016125
directness:	1.1994429
distanceCoverage:	0.19578764
minMapCoverage:	0.23483609
shortestPathHeadingChanges:	6
minHeadingChanges:	4
