sx:	72
sy:	36
ex:	39
ey:	44
shortestPathLength:	40.366768
straightLineDistance:	33.955853
directness:	1.1888015
distanceCoverage:	0.21434452
minMapCoverage:	0.25481308
shortestPathHeadingChanges:	8
minHeadingChanges:	4
