sx:	8
sy:	83
ex:	46
ey:	60
shortestPathLength:	121.61742
straightLineDistance:	44.418465
directness:	2.7379923
distanceCoverage:	0.2803892
minMapCoverage:	0.7677035
shortestPathHeadingChanges:	13
minHeadingChanges:	7
