sx:	82
sy:	65
ex:	25
ey:	45
shortestPathLength:	89.867004
straightLineDistance:	60.40695
directness:	1.4876931
distanceCoverage:	0.38131568
minMapCoverage:	0.5672807
shortestPathHeadingChanges:	12
minHeadingChanges:	5
