sx:	84
sy:	58
ex:	52
ey:	78
shortestPathLength:	51.394512
straightLineDistance:	37.735924
directness:	1.3619518
distanceCoverage:	0.23820601
minMapCoverage:	0.32442513
shortestPathHeadingChanges:	6
minHeadingChanges:	4
