sx:	88
sy:	79
ex:	111
ey:	77
shortestPathLength:	38.193703
straightLineDistance:	23.086792
directness:	1.6543529
distanceCoverage:	0.14573415
minMapCoverage:	0.24109572
shortestPathHeadingChanges:	7
minHeadingChanges:	6
