sx:	92
sy:	44
ex:	71
ey:	11
shortestPathLength:	43.347115
straightLineDistance:	39.115215
directness:	1.1081907
distanceCoverage:	0.24691272
minMapCoverage:	0.27362636
shortestPathHeadingChanges:	5
minHeadingChanges:	4
