sx:	93
sy:	11
ex:	58
ey:	54
shortestPathLength:	61.069427
straightLineDistance:	55.443665
directness:	1.1014681
distanceCoverage:	0.34998518
minMapCoverage:	0.3854975
shortestPathHeadingChanges:	5
minHeadingChanges:	3
