sx:	93
sy:	36
ex:	11
ey:	53
shortestPathLength:	97.92461
straightLineDistance:	83.74366
directness:	1.1693375
distanceCoverage:	0.5286274
minMapCoverage:	0.61814386
shortestPathHeadingChanges:	7
minHeadingChanges:	6
