sx:	95
sy:	35
ex:	104
ey:	29
shortestPathLength:	13.605551
straightLineDistance:	10.816654
directness:	1.2578336
distanceCoverage:	0.06827956
minMapCoverage:	0.08588432
shortestPathHeadingChanges:	4
minHeadingChanges:	3
