sx:	95
sy:	56
ex:	3
ey:	28
shortestPathLength:	120.303505
straightLineDistance:	96.16652
directness:	1.2509916
distanceCoverage:	0.60704607
minMapCoverage:	0.7594095
shortestPathHeadingChanges:	16
minHeadingChanges:	8
