sx:	97
sy:	33
ex:	65
ey:	83
shortestPathLength:	76.21073
straightLineDistance:	59.36329
directness:	1.2838024
distanceCoverage:	0.3747276
minMapCoverage:	0.48107618
shortestPathHeadingChanges:	8
minHeadingChanges:	6
