sx:	16
sy:	4
ex:	10
ey:	5
shortestPathLength:	6.0990195
straightLineDistance:	6.0827627
directness:	1.0026726
distanceCoverage:	0.2913115
minMapCoverage:	0.29209006
shortestPathHeadingChanges:	3
minHeadingChanges:	3
