sx:	19
sy:	1
ex:	13
ey:	3
shortestPathLength:	6.472136
straightLineDistance:	6.3245554
directness:	1.0233345
distanceCoverage:	0.30289125
minMapCoverage:	0.30995908
shortestPathHeadingChanges:	3
minHeadingChanges:	3
