sx:	7
sy:	1
ex:	10
ey:	4
shortestPathLength:	4.6502814
straightLineDistance:	4.2426405
directness:	1.0960819
distanceCoverage:	0.20318563
minMapCoverage:	0.22270809
shortestPathHeadingChanges:	4
minHeadingChanges:	4
