sx:	10
sy:	89
ex:	110
ey:	16
shortestPathLength:	140.78645
straightLineDistance:	123.81034
directness:	1.1371138
distanceCoverage:	0.62533665
minMapCoverage:	0.71107894
shortestPathHeadingChanges:	10
minHeadingChanges:	6
