sx:	100
sy:	55
ex:	80
ey:	91
shortestPathLength:	41.231243
straightLineDistance:	41.18252
directness:	1.001183
distanceCoverage:	0.20800315
minMapCoverage:	0.20824923
shortestPathHeadingChanges:	3
minHeadingChanges:	3
