sx:	102
sy:	42
ex:	18
ey:	114
shortestPathLength:	171.50516
straightLineDistance:	110.63454
directness:	1.5501955
distanceCoverage:	0.5587888
minMapCoverage:	0.86623186
shortestPathHeadingChanges:	9
minHeadingChanges:	6
