sx:	107
sy:	53
ex:	130
ey:	29
shortestPathLength:	33.649254
straightLineDistance:	33.24154
directness:	1.0122652
distanceCoverage:	0.16789512
minMapCoverage:	0.1699544
shortestPathHeadingChanges:	6
minHeadingChanges:	4
