sx:	108
sy:	86
ex:	98
ey:	124
shortestPathLength:	40.319286
straightLineDistance:	39.293766
directness:	1.0260988
distanceCoverage:	0.19846348
minMapCoverage:	0.20364314
shortestPathHeadingChanges:	4
minHeadingChanges:	4
