sx:	109
sy:	82
ex:	40
ey:	44
shortestPathLength:	82.46811
straightLineDistance:	78.77182
directness:	1.046924
distanceCoverage:	0.3978578
minMapCoverage:	0.41652685
shortestPathHeadingChanges:	5
minHeadingChanges:	4
