sx:	109
sy:	20
ex:	94
ey:	99
shortestPathLength:	90.08947
straightLineDistance:	80.411446
directness:	1.1203563
distanceCoverage:	0.40613914
minMapCoverage:	0.45502055
shortestPathHeadingChanges:	6
minHeadingChanges:	4
