sx:	11
sy:	124
ex:	120
ey:	49
shortestPathLength:	140.2555
straightLineDistance:	132.31024
directness:	1.0600501
distanceCoverage:	0.6682676
minMapCoverage:	0.7083972
shortestPathHeadingChanges:	9
minHeadingChanges:	5
