sx:	11
sy:	126
ex:	109
ey:	51
shortestPathLength:	132.11975
straightLineDistance:	123.40584
directness:	1.0706118
distanceCoverage:	0.6232936
minMapCoverage:	0.6673055
shortestPathHeadingChanges:	9
minHeadingChanges:	4
