sx:	113
sy:	29
ex:	66
ey:	25
shortestPathLength:	60.765438
straightLineDistance:	47.169907
directness:	1.2882247
distanceCoverage:	0.23824401
minMapCoverage:	0.3069118
shortestPathHeadingChanges:	8
minHeadingChanges:	4
