sx:	117
sy:	15
ex:	76
ey:	27
shortestPathLength:	56.189674
straightLineDistance:	42.72002
directness:	1.3153007
distanceCoverage:	0.21576868
minMapCoverage:	0.28380072
shortestPathHeadingChanges:	12
minHeadingChanges:	6
