sx:	12
sy:	47
ex:	138
ey:	26
shortestPathLength:	138.00488
straightLineDistance:	127.738014
directness:	1.0803744
distanceCoverage:	0.6451744
minMapCoverage:	0.6970299
shortestPathHeadingChanges:	5
minHeadingChanges:	4
