sx:	125
sy:	26
ex:	10
ey:	97
shortestPathLength:	142.47737
straightLineDistance:	135.15176
directness:	1.0542028
distanceCoverage:	0.6826195
minMapCoverage:	0.7196194
shortestPathHeadingChanges:	8
minHeadingChanges:	4
