sx:	126
sy:	73
ex:	44
ey:	130
shortestPathLength:	105.510544
straightLineDistance:	99.86491
directness:	1.0565327
distanceCoverage:	0.50439394
minMapCoverage:	0.53290874
shortestPathHeadingChanges:	3
minHeadingChanges:	3
