sx:	128
sy:	83
ex:	112
ey:	35
shortestPathLength:	83.042435
straightLineDistance:	50.596443
directness:	1.6412702
distanceCoverage:	0.25555062
minMapCoverage:	0.41942763
shortestPathHeadingChanges:	8
minHeadingChanges:	5
