sx:	132
sy:	93
ex:	67
ey:	98
shortestPathLength:	147.60715
straightLineDistance:	65.192024
directness:	2.2641902
distanceCoverage:	0.32926944
minMapCoverage:	0.7455287
shortestPathHeadingChanges:	11
minHeadingChanges:	5
