sx:	133
sy:	68
ex:	101
ey:	103
shortestPathLength:	47.53732
straightLineDistance:	47.423622
directness:	1.0023974
distanceCoverage:	0.23952547
minMapCoverage:	0.24009971
shortestPathHeadingChanges:	3
minHeadingChanges:	3
