sx:	133
sy:	70
ex:	124
ey:	94
shortestPathLength:	27.327757
straightLineDistance:	25.632011
directness:	1.0661573
distanceCoverage:	0.12946121
minMapCoverage:	0.13802601
shortestPathHeadingChanges:	4
minHeadingChanges:	3
