sx:	17
sy:	123
ex:	85
ey:	17
shortestPathLength:	143.21753
straightLineDistance:	125.93649
directness:	1.1372203
distanceCoverage:	0.6360753
minMapCoverage:	0.72335774
shortestPathHeadingChanges:	6
minHeadingChanges:	5
