sx:	22
sy:	70
ex:	39
ey:	103
shortestPathLength:	72.13827
straightLineDistance:	37.12142
directness:	1.9433056
distanceCoverage:	0.18749149
minMapCoverage:	0.36435327
shortestPathHeadingChanges:	9
minHeadingChanges:	5
