sx:	32
sy:	70
ex:	101
ey:	15
shortestPathLength:	105.84702
straightLineDistance:	88.23831
directness:	1.1995586
distanceCoverage:	0.44567078
minMapCoverage:	0.5346082
shortestPathHeadingChanges:	7
minHeadingChanges:	5
