sx:	33
sy:	73
ex:	119
ey:	19
shortestPathLength:	118.242805
straightLineDistance:	101.54802
directness:	1.1644028
distanceCoverage:	0.5128949
minMapCoverage:	0.59721637
shortestPathHeadingChanges:	8
minHeadingChanges:	4
