sx:	38
sy:	107
ex:	133
ey:	29
shortestPathLength:	168.70769
straightLineDistance:	122.91867
directness:	1.3725147
distanceCoverage:	0.62083304
minMapCoverage:	0.8521025
shortestPathHeadingChanges:	12
minHeadingChanges:	7
