sx:	38
sy:	86
ex:	6
ey:	71
shortestPathLength:	35.379135
straightLineDistance:	35.341194
directness:	1.0010736
distanceCoverage:	0.17849998
minMapCoverage:	0.17869161
shortestPathHeadingChanges:	4
minHeadingChanges:	3
