sx:	41
sy:	119
ex:	133
ey:	91
shortestPathLength:	105.04808
straightLineDistance:	96.16652
directness:	1.0923561
distanceCoverage:	0.48571426
minMapCoverage:	0.53057295
shortestPathHeadingChanges:	7
minHeadingChanges:	4
