sx:	49
sy:	23
ex:	52
ey:	105
shortestPathLength:	135.05956
straightLineDistance:	82.05486
directness:	1.6459665
distanceCoverage:	0.41443965
minMapCoverage:	0.68215376
shortestPathHeadingChanges:	13
minHeadingChanges:	6
