sx:	50
sy:	73
ex:	70
ey:	74
shortestPathLength:	20.055386
straightLineDistance:	20.024984
directness:	1.0015181
distanceCoverage:	0.101141445
minMapCoverage:	0.101294994
shortestPathHeadingChanges:	3
minHeadingChanges:	3
