sx:	51
sy:	37
ex:	127
ey:	19
shortestPathLength:	88.8443
straightLineDistance:	78.10249
directness:	1.1375347
distanceCoverage:	0.39447716
minMapCoverage:	0.44873148
shortestPathHeadingChanges:	4
minHeadingChanges:	3
