sx:	55
sy:	37
ex:	80
ey:	84
shortestPathLength:	69.717285
straightLineDistance:	53.235325
directness:	1.3096057
distanceCoverage:	0.268879
minMapCoverage:	0.35212547
shortestPathHeadingChanges:	6
minHeadingChanges:	4
