sx:	57
sy:	51
ex:	9
ey:	62
shortestPathLength:	49.31048
straightLineDistance:	49.24429
directness:	1.0013441
distanceCoverage:	0.24872123
minMapCoverage:	0.24905552
shortestPathHeadingChanges:	3
minHeadingChanges:	3
