sx:	65
sy:	57
ex:	115
ey:	62
shortestPathLength:	55.102024
straightLineDistance:	50.24938
directness:	1.0965712
distanceCoverage:	0.25379768
minMapCoverage:	0.27830726
shortestPathHeadingChanges:	4
minHeadingChanges:	3
