sx:	67
sy:	25
ex:	116
ey:	90
shortestPathLength:	121.10817
straightLineDistance:	81.400246
directness:	1.4878109
distanceCoverage:	0.41113332
minMapCoverage:	0.6116886
shortestPathHeadingChanges:	8
minHeadingChanges:	4
