sx:	67
sy:	3
ex:	36
ey:	79
shortestPathLength:	86.92393
straightLineDistance:	82.07923
directness:	1.0590246
distanceCoverage:	0.41456273
minMapCoverage:	0.43903214
shortestPathHeadingChanges:	7
minHeadingChanges:	3
