sx:	76
sy:	81
ex:	105
ey:	71
shortestPathLength:	30.794289
straightLineDistance:	30.675724
directness:	1.0038651
distanceCoverage:	0.1549358
minMapCoverage:	0.15553464
shortestPathHeadingChanges:	4
minHeadingChanges:	3
