sx:	77
sy:	5
ex:	63
ey:	133
shortestPathLength:	169.58774
straightLineDistance:	128.76335
directness:	1.3170497
distanceCoverage:	0.65035313
minMapCoverage:	0.8565474
shortestPathHeadingChanges:	8
minHeadingChanges:	5
