sx:	81
sy:	102
ex:	39
ey:	45
shortestPathLength:	98.55539
straightLineDistance:	70.80254
directness:	1.3919753
distanceCoverage:	0.35760686
minMapCoverage:	0.49777988
shortestPathHeadingChanges:	9
minHeadingChanges:	4
