sx:	82
sy:	106
ex:	103
ey:	103
shortestPathLength:	21.213203
straightLineDistance:	21.213203
directness:	1.0
distanceCoverage:	0.10714286
minMapCoverage:	0.10714286
shortestPathHeadingChanges:	2
minHeadingChanges:	2
