sx:	85
sy:	34
ex:	81
ey:	123
shortestPathLength:	145.95691
straightLineDistance:	89.08984
directness:	1.6383114
distanceCoverage:	0.44997168
minMapCoverage:	0.7371937
shortestPathHeadingChanges:	13
minHeadingChanges:	6
