sx:	87
sy:	51
ex:	96
ey:	26
shortestPathLength:	39.735676
straightLineDistance:	26.57066
directness:	1.495472
distanceCoverage:	0.1342021
minMapCoverage:	0.20069547
shortestPathHeadingChanges:	5
minHeadingChanges:	4
