sx:	89
sy:	19
ex:	116
ey:	50
shortestPathLength:	50.195305
straightLineDistance:	41.109608
directness:	1.2210115
distanceCoverage:	0.20763488
minMapCoverage:	0.25352457
shortestPathHeadingChanges:	7
minHeadingChanges:	3
