sx:	9
sy:	123
ex:	17
ey:	57
shortestPathLength:	69.22448
straightLineDistance:	66.48308
directness:	1.0412346
distanceCoverage:	0.33579025
minMapCoverage:	0.34963644
shortestPathHeadingChanges:	5
minHeadingChanges:	4
