sx:	90
sy:	75
ex:	49
ey:	19
shortestPathLength:	86.52247
straightLineDistance:	69.40461
directness:	1.2466387
distanceCoverage:	0.3505462
minMapCoverage:	0.43700445
shortestPathHeadingChanges:	6
minHeadingChanges:	4
