sx:	93
sy:	134
ex:	102
ey:	121
shortestPathLength:	16.119694
straightLineDistance:	15.811388
directness:	1.019499
distanceCoverage:	0.07985957
minMapCoverage:	0.08141675
shortestPathHeadingChanges:	4
minHeadingChanges:	3
