sx:	97
sy:	54
ex:	64
ey:	106
shortestPathLength:	232.67369
straightLineDistance:	61.587337
directness:	3.777947
distanceCoverage:	0.31106302
minMapCoverage:	1.1751796
shortestPathHeadingChanges:	19
minHeadingChanges:	9
