sx:	99
sy:	98
ex:	62
ey:	27
shortestPathLength:	108.6097
straightLineDistance:	80.06248
directness:	1.3565619
distanceCoverage:	0.40437657
minMapCoverage:	0.5485618
shortestPathHeadingChanges:	8
minHeadingChanges:	4
