sx:	0
sy:	192
ex:	13
ey:	157
shortestPathLength:	40.12591
straightLineDistance:	37.336308
directness:	1.0747156
distanceCoverage:	0.18575507
minMapCoverage:	0.19963387
shortestPathHeadingChanges:	7
minHeadingChanges:	6
