sx:	0
sy:	90
ex:	17
ey:	182
shortestPathLength:	96.03914
straightLineDistance:	93.55747
directness:	1.0265256
distanceCoverage:	0.4654658
minMapCoverage:	0.47781256
shortestPathHeadingChanges:	13
minHeadingChanges:	8
