sx:	1
sy:	112
ex:	10
ey:	102
shortestPathLength:	14.48159
straightLineDistance:	13.453624
directness:	1.0764081
distanceCoverage:	0.06693428
minMapCoverage:	0.072048604
shortestPathHeadingChanges:	4
minHeadingChanges:	4
