sx:	1
sy:	142
ex:	16
ey:	143
shortestPathLength:	24.583204
straightLineDistance:	15.033297
directness:	1.6352504
distanceCoverage:	0.07479344
minMapCoverage:	0.12230601
shortestPathHeadingChanges:	6
minHeadingChanges:	5
