sx:	1
sy:	180
ex:	11
ey:	200
shortestPathLength:	22.634203
straightLineDistance:	22.36068
directness:	1.0122323
distanceCoverage:	0.11124854
minMapCoverage:	0.11260937
shortestPathHeadingChanges:	4
minHeadingChanges:	3
