sx:	1
sy:	18
ex:	12
ey:	124
shortestPathLength:	108.93029
straightLineDistance:	106.56923
directness:	1.0221552
distanceCoverage:	0.53020173
minMapCoverage:	0.54194844
shortestPathHeadingChanges:	9
minHeadingChanges:	7
