sx:	1
sy:	182
ex:	5
ey:	4
shortestPathLength:	185.99307
straightLineDistance:	178.04494
directness:	1.0446411
distanceCoverage:	0.8858067
minMapCoverage:	0.9253501
shortestPathHeadingChanges:	23
minHeadingChanges:	12
