sx:	10
sy:	189
ex:	9
ey:	86
shortestPathLength:	106.98652
straightLineDistance:	103.00485
directness:	1.0386552
distanceCoverage:	0.5124683
minMapCoverage:	0.5322778
shortestPathHeadingChanges:	17
minHeadingChanges:	9
