sx:	10
sy:	188
ex:	7
ey:	3
shortestPathLength:	193.11981
straightLineDistance:	185.02432
directness:	1.0437536
distanceCoverage:	0.9205304
minMapCoverage:	0.96080697
shortestPathHeadingChanges:	25
minHeadingChanges:	13
