sx:	10
sy:	102
ex:	17
ey:	195
shortestPathLength:	97.79026
straightLineDistance:	93.26307
directness:	1.0485421
distanceCoverage:	0.46400112
minMapCoverage:	0.48652473
shortestPathHeadingChanges:	15
minHeadingChanges:	9
