sx:	10
sy:	163
ex:	11
ey:	20
shortestPathLength:	150.35553
straightLineDistance:	143.0035
directness:	1.0514116
distanceCoverage:	0.711469
minMapCoverage:	0.7480467
shortestPathHeadingChanges:	24
minHeadingChanges:	11
