sx:	10
sy:	150
ex:	6
ey:	196
shortestPathLength:	49.706062
straightLineDistance:	46.173584
directness:	1.0765043
distanceCoverage:	0.22972217
minMapCoverage:	0.2472969
shortestPathHeadingChanges:	8
minHeadingChanges:	5
