sx:	11
sy:	105
ex:	14
ey:	7
shortestPathLength:	98.57191
straightLineDistance:	98.045906
directness:	1.0053649
distanceCoverage:	0.4877966
minMapCoverage:	0.49041358
shortestPathHeadingChanges:	11
minHeadingChanges:	6
