sx:	11
sy:	129
ex:	18
ey:	3
shortestPathLength:	129.30867
straightLineDistance:	126.1943
directness:	1.0246792
distanceCoverage:	0.6278401
minMapCoverage:	0.6433347
shortestPathHeadingChanges:	14
minHeadingChanges:	9
