sx:	11
sy:	181
ex:	1
ey:	174
shortestPathLength:	12.230867
straightLineDistance:	12.206555
directness:	1.0019917
distanceCoverage:	0.060729884
minMapCoverage:	0.06085084
shortestPathHeadingChanges:	3
minHeadingChanges:	3
