sx:	11
sy:	94
ex:	9
ey:	191
shortestPathLength:	102.258224
straightLineDistance:	97.020615
directness:	1.0539845
distanceCoverage:	0.4826956
minMapCoverage:	0.50875366
shortestPathHeadingChanges:	21
minHeadingChanges:	9
