sx:	12
sy:	80
ex:	20
ey:	2
shortestPathLength:	78.77589
straightLineDistance:	78.40918
directness:	1.0046768
distanceCoverage:	0.39010024
minMapCoverage:	0.39192468
shortestPathHeadingChanges:	7
minHeadingChanges:	5
