sx:	13
sy:	180
ex:	1
ey:	28
shortestPathLength:	155.19543
straightLineDistance:	152.47295
directness:	1.0178555
distanceCoverage:	0.7585813
minMapCoverage:	0.77212614
shortestPathHeadingChanges:	18
minHeadingChanges:	10
