sx:	13
sy:	36
ex:	20
ey:	116
shortestPathLength:	83.46658
straightLineDistance:	80.305664
directness:	1.0393611
distanceCoverage:	0.3995356
minMapCoverage:	0.41526178
shortestPathHeadingChanges:	11
minHeadingChanges:	7
