sx:	14
sy:	143
ex:	5
ey:	198
shortestPathLength:	57.216583
straightLineDistance:	55.7315
directness:	1.0266471
distanceCoverage:	0.27727458
minMapCoverage:	0.28466314
shortestPathHeadingChanges:	7
minHeadingChanges:	4
