sx:	14
sy:	157
ex:	7
ey:	41
shortestPathLength:	119.89529
straightLineDistance:	116.21101
directness:	1.0317034
distanceCoverage:	0.5781714
minMapCoverage:	0.59650135
shortestPathHeadingChanges:	16
minHeadingChanges:	10
