sx:	14
sy:	175
ex:	9
ey:	39
shortestPathLength:	140.56947
straightLineDistance:	136.09187
directness:	1.0329013
distanceCoverage:	0.67708236
minMapCoverage:	0.69935924
shortestPathHeadingChanges:	18
minHeadingChanges:	10
