sx:	15
sy:	13
ex:	2
ey:	108
shortestPathLength:	97.434395
straightLineDistance:	95.885345
directness:	1.0161552
distanceCoverage:	0.4770474
minMapCoverage:	0.48475423
shortestPathHeadingChanges:	9
minHeadingChanges:	7
