sx:	15
sy:	178
ex:	4
ey:	13
shortestPathLength:	168.79552
straightLineDistance:	165.36626
directness:	1.0207374
distanceCoverage:	0.82272786
minMapCoverage:	0.8397891
shortestPathHeadingChanges:	18
minHeadingChanges:	12
