sx:	15
sy:	82
ex:	16
ey:	59
shortestPathLength:	23.038404
straightLineDistance:	23.021729
directness:	1.0007243
distanceCoverage:	0.11453738
minMapCoverage:	0.11462034
shortestPathHeadingChanges:	3
minHeadingChanges:	3
