sx:	15
sy:	95
ex:	7
ey:	164
shortestPathLength:	74.93113
straightLineDistance:	69.46222
directness:	1.0787321
distanceCoverage:	0.34558746
minMapCoverage:	0.3727963
shortestPathHeadingChanges:	13
minHeadingChanges:	7
