sx:	15
sy:	99
ex:	6
ey:	157
shortestPathLength:	65.63787
straightLineDistance:	58.694122
directness:	1.118304
distanceCoverage:	0.29201418
minMapCoverage:	0.32656062
shortestPathHeadingChanges:	12
minHeadingChanges:	7
