sx:	16
sy:	137
ex:	18
ey:	140
shortestPathLength:	5.0
straightLineDistance:	3.6055512
directness:	1.3867505
distanceCoverage:	0.017938288
minMapCoverage:	0.02487593
shortestPathHeadingChanges:	3
minHeadingChanges:	3
