sx:	17
sy:	196
ex:	17
ey:	6
shortestPathLength:	194.50943
straightLineDistance:	190.0
directness:	1.0237339
distanceCoverage:	0.9452853
minMapCoverage:	0.96772057
shortestPathHeadingChanges:	22
minHeadingChanges:	12
