sx:	18
sy:	150
ex:	17
ey:	97
shortestPathLength:	63.065773
straightLineDistance:	53.009434
directness:	1.1897085
distanceCoverage:	0.26373178
minMapCoverage:	0.31376395
shortestPathHeadingChanges:	15
minHeadingChanges:	7
