sx:	19
sy:	178
ex:	13
ey:	58
shortestPathLength:	124.75016
straightLineDistance:	120.14991
directness:	1.0382876
distanceCoverage:	0.5977681
minMapCoverage:	0.62065524
shortestPathHeadingChanges:	20
minHeadingChanges:	10
