sx:	19
sy:	11
ex:	7
ey:	151
shortestPathLength:	144.62575
straightLineDistance:	140.51335
directness:	1.029267
distanceCoverage:	0.69908005
minMapCoverage:	0.71954
shortestPathHeadingChanges:	18
minHeadingChanges:	10
