sx:	2
sy:	101
ex:	8
ey:	74
shortestPathLength:	29.396397
straightLineDistance:	27.658634
directness:	1.0628289
distanceCoverage:	0.13760684
minMapCoverage:	0.14625254
shortestPathHeadingChanges:	7
minHeadingChanges:	4
