sx:	2
sy:	142
ex:	14
ey:	107
shortestPathLength:	41.490383
straightLineDistance:	37.0
directness:	1.1213617
distanceCoverage:	0.18408188
minMapCoverage:	0.20642237
shortestPathHeadingChanges:	10
minHeadingChanges:	6
