sx:	20
sy:	178
ex:	2
ey:	139
shortestPathLength:	45.56523
straightLineDistance:	42.953465
directness:	1.0608046
distanceCoverage:	0.21370147
minMapCoverage:	0.2266955
shortestPathHeadingChanges:	9
minHeadingChanges:	4
