sx:	20
sy:	123
ex:	6
ey:	194
shortestPathLength:	75.7515
straightLineDistance:	72.36712
directness:	1.0467669
distanceCoverage:	0.36003986
minMapCoverage:	0.3768778
shortestPathHeadingChanges:	11
minHeadingChanges:	7
