sx:	4
sy:	50
ex:	12
ey:	146
shortestPathLength:	98.83085
straightLineDistance:	96.332756
directness:	1.025932
distanceCoverage:	0.47927338
minMapCoverage:	0.49170184
shortestPathHeadingChanges:	13
minHeadingChanges:	8
