sx:	5
sy:	124
ex:	20
ey:	166
shortestPathLength:	44.924698
straightLineDistance:	44.598206
directness:	1.0073208
distanceCoverage:	0.22188437
minMapCoverage:	0.22350873
shortestPathHeadingChanges:	5
minHeadingChanges:	5
