sx:	5
sy:	99
ex:	16
ey:	113
shortestPathLength:	19.65028
straightLineDistance:	17.804493
directness:	1.1036698
distanceCoverage:	0.08858066
minMapCoverage:	0.0977638
shortestPathHeadingChanges:	5
minHeadingChanges:	4
