sx:	6
sy:	45
ex:	11
ey:	106
shortestPathLength:	63.36228
straightLineDistance:	61.204575
directness:	1.035254
distanceCoverage:	0.30450413
minMapCoverage:	0.31523913
shortestPathHeadingChanges:	10
minHeadingChanges:	6
