sx:	7
sy:	103
ex:	13
ey:	22
shortestPathLength:	82.74045
straightLineDistance:	81.22192
directness:	1.0186961
distanceCoverage:	0.40409413
minMapCoverage:	0.4116491
shortestPathHeadingChanges:	9
minHeadingChanges:	5
