sx:	8
sy:	169
ex:	0
ey:	68
shortestPathLength:	104.954315
straightLineDistance:	101.31634
directness:	1.0359071
distanceCoverage:	0.5040676
minMapCoverage:	0.5221672
shortestPathHeadingChanges:	18
minHeadingChanges:	9
