sx:	8
sy:	178
ex:	17
ey:	44
shortestPathLength:	138.53265
straightLineDistance:	134.3019
directness:	1.0315019
distanceCoverage:	0.6681769
minMapCoverage:	0.68922573
shortestPathHeadingChanges:	19
minHeadingChanges:	10
