sx:	8
sy:	186
ex:	9
ey:	150
shortestPathLength:	41.491257
straightLineDistance:	36.013885
directness:	1.1520905
distanceCoverage:	0.17917578
minMapCoverage:	0.20642671
shortestPathHeadingChanges:	11
minHeadingChanges:	5
