sx:	9
sy:	94
ex:	10
ey:	66
shortestPathLength:	31.165525
straightLineDistance:	28.01785
directness:	1.1123453
distanceCoverage:	0.13939402
minMapCoverage:	0.15505429
shortestPathHeadingChanges:	5
minHeadingChanges:	4
