sx:	1
sy:	383
ex:	200
ey:	24
shortestPathLength:	410.98297
straightLineDistance:	410.46558
directness:	1.0012605
distanceCoverage:	0.58048594
minMapCoverage:	0.58121765
shortestPathHeadingChanges:	19
minHeadingChanges:	5
