sx:	1
sy:	44
ex:	83
ey:	324
shortestPathLength:	292.06433
straightLineDistance:	291.76016
directness:	1.0010425
distanceCoverage:	0.41261116
minMapCoverage:	0.41304132
shortestPathHeadingChanges:	15
minHeadingChanges:	4
