sx:	121
sy:	366
ex:	105
ey:	329
shortestPathLength:	40.537514
straightLineDistance:	40.311287
directness:	1.005612
distanceCoverage:	0.057008766
minMapCoverage:	0.0573287
shortestPathHeadingChanges:	4
minHeadingChanges:	3
