sx:	124
sy:	181
ex:	325
ey:	312
shortestPathLength:	240.19196
straightLineDistance:	239.92082
directness:	1.0011301
distanceCoverage:	0.33929926
minMapCoverage:	0.3396827
shortestPathHeadingChanges:	14
minHeadingChanges:	4
