sx:	127
sy:	210
ex:	443
ey:	240
shortestPathLength:	317.4948
straightLineDistance:	317.42087
directness:	1.0002329
distanceCoverage:	0.44890088
minMapCoverage:	0.44900545
shortestPathHeadingChanges:	13
minHeadingChanges:	5
