sx:	137
sy:	109
ex:	447
ey:	248
shortestPathLength:	340.85413
straightLineDistance:	339.73666
directness:	1.0032892
distanceCoverage:	0.48046017
minMapCoverage:	0.4820405
shortestPathHeadingChanges:	16
minHeadingChanges:	6
