sx:	153
sy:	432
ex:	186
ey:	430
shortestPathLength:	33.068886
straightLineDistance:	33.06055
directness:	1.0002521
distanceCoverage:	0.046754677
minMapCoverage:	0.046766464
shortestPathHeadingChanges:	3
minHeadingChanges:	3
