sx:	158
sy:	451
ex:	142
ey:	390
shortestPathLength:	63.12396
straightLineDistance:	63.06346
directness:	1.0009593
distanceCoverage:	0.0891852
minMapCoverage:	0.089270756
shortestPathHeadingChanges:	4
minHeadingChanges:	3
