sx:	164
sy:	118
ex:	269
ey:	268
shortestPathLength:	184.0656
straightLineDistance:	183.09833
directness:	1.0052828
distanceCoverage:	0.25894013
minMapCoverage:	0.26030806
shortestPathHeadingChanges:	15
minHeadingChanges:	4
