sx:	165
sy:	310
ex:	376
ey:	390
shortestPathLength:	225.87637
straightLineDistance:	225.65681
directness:	1.000973
distanceCoverage:	0.3191269
minMapCoverage:	0.3194374
shortestPathHeadingChanges:	9
minHeadingChanges:	4
