sx:	166
sy:	238
ex:	228
ey:	398
shortestPathLength:	171.92342
straightLineDistance:	171.59254
directness:	1.0019282
distanceCoverage:	0.2426685
minMapCoverage:	0.24313642
shortestPathHeadingChanges:	8
minHeadingChanges:	4
