sx:	186
sy:	263
ex:	154
ey:	264
shortestPathLength:	32.038406
straightLineDistance:	32.01562
directness:	1.0007117
distanceCoverage:	0.045276925
minMapCoverage:	0.045309145
shortestPathHeadingChanges:	4
minHeadingChanges:	3
