sx:	188
sy:	243
ex:	401
ey:	361
shortestPathLength:	244.28064
straightLineDistance:	243.50154
directness:	1.0031996
distanceCoverage:	0.34436315
minMapCoverage:	0.34546497
shortestPathHeadingChanges:	15
minHeadingChanges:	5
