sx:	191
sy:	411
ex:	46
ey:	323
shortestPathLength:	169.91974
straightLineDistance:	169.61427
directness:	1.0018009
distanceCoverage:	0.2398708
minMapCoverage:	0.24030279
shortestPathHeadingChanges:	7
minHeadingChanges:	3
