sx:	194
sy:	327
ex:	312
ey:	5
shortestPathLength:	343.83087
straightLineDistance:	342.94022
directness:	1.0025971
distanceCoverage:	0.4849907
minMapCoverage:	0.48625025
shortestPathHeadingChanges:	14
minHeadingChanges:	6
