sx:	195
sy:	378
ex:	416
ey:	251
shortestPathLength:	255.14679
straightLineDistance:	254.89214
directness:	1.0009991
distanceCoverage:	0.3604719
minMapCoverage:	0.36083204
shortestPathHeadingChanges:	9
minHeadingChanges:	5
