sx:	197
sy:	419
ex:	70
ey:	184
shortestPathLength:	267.83044
straightLineDistance:	267.1217
directness:	1.0026532
distanceCoverage:	0.37776712
minMapCoverage:	0.37876943
shortestPathHeadingChanges:	9
minHeadingChanges:	5
