sx:	201
sy:	436
ex:	19
ey:	47
shortestPathLength:	429.89627
straightLineDistance:	429.4706
directness:	1.0009911
distanceCoverage:	0.60736316
minMapCoverage:	0.6079651
shortestPathHeadingChanges:	16
minHeadingChanges:	6
