sx:	203
sy:	288
ex:	271
ey:	285
shortestPathLength:	68.08808
straightLineDistance:	68.06615
directness:	1.0003222
distanceCoverage:	0.09626006
minMapCoverage:	0.09629109
shortestPathHeadingChanges:	4
minHeadingChanges:	3
