sx:	203
sy:	159
ex:	490
ey:	431
shortestPathLength:	396.50143
straightLineDistance:	395.41498
directness:	1.0027477
distanceCoverage:	0.5592012
minMapCoverage:	0.56073767
shortestPathHeadingChanges:	17
minHeadingChanges:	6
