sx:	205
sy:	301
ex:	433
ey:	359
shortestPathLength:	235.55516
straightLineDistance:	235.26155
directness:	1.001248
distanceCoverage:	0.33271006
minMapCoverage:	0.3331253
shortestPathHeadingChanges:	8
minHeadingChanges:	4
