sx:	21
sy:	30
ex:	370
ey:	38
shortestPathLength:	349.25262
straightLineDistance:	349.09167
directness:	1.0004611
distanceCoverage:	0.49369016
minMapCoverage:	0.49391776
shortestPathHeadingChanges:	7
minHeadingChanges:	4
