sx:	213
sy:	171
ex:	463
ey:	127
shortestPathLength:	255.06927
straightLineDistance:	253.84247
directness:	1.004833
distanceCoverage:	0.35898745
minMapCoverage:	0.36072242
shortestPathHeadingChanges:	15
minHeadingChanges:	5
