sx:	231
sy:	148
ex:	264
ey:	258
shortestPathLength:	115.123566
straightLineDistance:	114.84337
directness:	1.0024399
distanceCoverage:	0.16241305
minMapCoverage:	0.1628093
shortestPathHeadingChanges:	6
minHeadingChanges:	4
