sx:	259
sy:	155
ex:	16
ey:	462
shortestPathLength:	392.77884
straightLineDistance:	391.5329
directness:	1.0031822
distanceCoverage:	0.5537111
minMapCoverage:	0.55547315
shortestPathHeadingChanges:	21
minHeadingChanges:	5
