sx:	266
sy:	302
ex:	78
ey:	380
shortestPathLength:	203.896
straightLineDistance:	203.5387
directness:	1.0017555
distanceCoverage:	0.28784716
minMapCoverage:	0.28835246
shortestPathHeadingChanges:	7
minHeadingChanges:	5
