sx:	294
sy:	353
ex:	470
ey:	136
shortestPathLength:	280.15744
straightLineDistance:	279.40115
directness:	1.0027068
distanceCoverage:	0.39513287
minMapCoverage:	0.39620245
shortestPathHeadingChanges:	14
minHeadingChanges:	4
