sx:	295
sy:	137
ex:	6
ey:	91
shortestPathLength:	292.8906
straightLineDistance:	292.638
directness:	1.0008632
distanceCoverage:	0.4138526
minMapCoverage:	0.41420984
shortestPathHeadingChanges:	10
minHeadingChanges:	5
