sx:	311
sy:	414
ex:	329
ey:	131
shortestPathLength:	283.79794
straightLineDistance:	283.57187
directness:	1.0007973
distanceCoverage:	0.40103117
minMapCoverage:	0.4013509
shortestPathHeadingChanges:	11
minHeadingChanges:	5
