sx:	315
sy:	71
ex:	379
ey:	82
shortestPathLength:	64.97105
straightLineDistance:	64.93843
directness:	1.0005022
distanceCoverage:	0.0918368
minMapCoverage:	0.09188293
shortestPathHeadingChanges:	5
minHeadingChanges:	3
