sx:	320
sy:	280
ex:	234
ey:	405
shortestPathLength:	152.20622
straightLineDistance:	151.72673
directness:	1.0031602
distanceCoverage:	0.214574
minMapCoverage:	0.2152521
shortestPathHeadingChanges:	11
minHeadingChanges:	4
