sx:	321
sy:	226
ex:	475
ey:	482
shortestPathLength:	299.2957
straightLineDistance:	298.75073
directness:	1.0018241
distanceCoverage:	0.42249733
minMapCoverage:	0.423268
shortestPathHeadingChanges:	16
minHeadingChanges:	5
