sx:	326
sy:	272
ex:	196
ey:	406
shortestPathLength:	187.13219
straightLineDistance:	186.69762
directness:	1.0023277
distanceCoverage:	0.26403028
minMapCoverage:	0.26464486
shortestPathHeadingChanges:	14
minHeadingChanges:	4
