sx:	330
sy:	210
ex:	15
ey:	239
shortestPathLength:	318.4482
straightLineDistance:	316.3321
directness:	1.0066895
distanceCoverage:	0.4473611
minMapCoverage:	0.45035377
shortestPathHeadingChanges:	12
minHeadingChanges:	5
