sx:	366
sy:	422
ex:	66
ey:	202
shortestPathLength:	373.07355
straightLineDistance:	372.0215
directness:	1.0028279
distanceCoverage:	0.52611786
minMapCoverage:	0.52760565
shortestPathHeadingChanges:	19
minHeadingChanges:	6
