sx:	383
sy:	322
ex:	368
ey:	306
shortestPathLength:	21.9334
straightLineDistance:	21.931713
directness:	1.0000769
distanceCoverage:	0.031016124
minMapCoverage:	0.031018509
shortestPathHeadingChanges:	3
minHeadingChanges:	3
