sx:	386
sy:	222
ex:	267
ey:	56
shortestPathLength:	204.56592
straightLineDistance:	204.2474
directness:	1.0015595
distanceCoverage:	0.28884944
minMapCoverage:	0.28929988
shortestPathHeadingChanges:	9
minHeadingChanges:	4
