sx:	392
sy:	87
ex:	307
ey:	350
shortestPathLength:	276.67764
straightLineDistance:	276.39465
directness:	1.0010239
distanceCoverage:	0.39088106
minMapCoverage:	0.39128125
shortestPathHeadingChanges:	11
minHeadingChanges:	4
