sx:	393
sy:	229
ex:	462
ey:	206
shortestPathLength:	73.28357
straightLineDistance:	72.73238
directness:	1.0075783
distanceCoverage:	0.10285912
minMapCoverage:	0.10363861
shortestPathHeadingChanges:	7
minHeadingChanges:	3
