sx:	407
sy:	440
ex:	231
ey:	172
shortestPathLength:	320.8388
straightLineDistance:	320.6244
directness:	1.0006688
distanceCoverage:	0.45343134
minMapCoverage:	0.45373458
shortestPathHeadingChanges:	11
minHeadingChanges:	5
