sx:	448
sy:	14
ex:	373
ey:	216
shortestPathLength:	215.71896
straightLineDistance:	215.47389
directness:	1.0011374
distanceCoverage:	0.3047261
minMapCoverage:	0.30507267
shortestPathHeadingChanges:	10
minHeadingChanges:	5
