sx:	448
sy:	172
ex:	305
ey:	380
shortestPathLength:	252.49773
straightLineDistance:	252.41434
directness:	1.0003303
distanceCoverage:	0.35696778
minMapCoverage:	0.3570857
shortestPathHeadingChanges:	8
minHeadingChanges:	4
