sx:	451
sy:	61
ex:	345
ey:	321
shortestPathLength:	281.18784
straightLineDistance:	280.7775
directness:	1.0014614
distanceCoverage:	0.39707932
minMapCoverage:	0.39765963
shortestPathHeadingChanges:	10
minHeadingChanges:	5
