sx:	486
sy:	230
ex:	498
ey:	483
shortestPathLength:	253.84172
straightLineDistance:	253.28442
directness:	1.0022002
distanceCoverage:	0.35819826
minMapCoverage:	0.35898638
shortestPathHeadingChanges:	10
minHeadingChanges:	4
