sx:	492
sy:	339
ex:	338
ey:	442
shortestPathLength:	186.05966
straightLineDistance:	185.27008
directness:	1.0042617
distanceCoverage:	0.26201144
minMapCoverage:	0.26312807
shortestPathHeadingChanges:	9
minHeadingChanges:	5
