sx:	498
sy:	329
ex:	226
ey:	400
shortestPathLength:	281.3996
straightLineDistance:	281.11386
directness:	1.0010165
distanceCoverage:	0.39755502
minMapCoverage:	0.3979591
shortestPathHeadingChanges:	12
minHeadingChanges:	5
