sx:	62
sy:	209
ex:	169
ey:	481
shortestPathLength:	293.04013
straightLineDistance:	292.28925
directness:	1.002569
distanceCoverage:	0.4133594
minMapCoverage:	0.41442132
shortestPathHeadingChanges:	10
minHeadingChanges:	5
