sx:	63
sy:	260
ex:	394
ey:	304
shortestPathLength:	334.344
straightLineDistance:	333.91165
directness:	1.0012947
distanceCoverage:	0.47222236
minMapCoverage:	0.47283378
shortestPathHeadingChanges:	13
minHeadingChanges:	5
