sx:	68
sy:	383
ex:	252
ey:	311
shortestPathLength:	198.62445
straightLineDistance:	197.58542
directness:	1.0052587
distanceCoverage:	0.27942798
minMapCoverage:	0.28089738
shortestPathHeadingChanges:	9
minHeadingChanges:	5
