sx:	0
sy:	156
ex:	10
ey:	86
shortestPathLength:	81.63719
straightLineDistance:	70.71068
directness:	1.1545242
distanceCoverage:	0.35179877
minMapCoverage:	0.4061602
shortestPathHeadingChanges:	16
minHeadingChanges:	13
