sx:	0
sy:	24
ex:	17
ey:	28
shortestPathLength:	19.133074
straightLineDistance:	17.464249
directness:	1.0955566
distanceCoverage:	0.08688788
minMapCoverage:	0.0951906
shortestPathHeadingChanges:	6
minHeadingChanges:	4
