sx:	1
sy:	119
ex:	14
ey:	55
shortestPathLength:	76.27743
straightLineDistance:	65.30697
directness:	1.1679829
distanceCoverage:	0.3249143
minMapCoverage:	0.3794944
shortestPathHeadingChanges:	21
minHeadingChanges:	13
