sx:	1
sy:	97
ex:	0
ey:	129
shortestPathLength:	39.366447
straightLineDistance:	32.01562
directness:	1.2296013
distanceCoverage:	0.15928367
minMapCoverage:	0.1958554
shortestPathHeadingChanges:	10
minHeadingChanges:	8
