sx:	10
sy:	102
ex:	4
ey:	111
shortestPathLength:	28.969501
straightLineDistance:	10.816654
directness:	2.6782312
distanceCoverage:	0.053814866
minMapCoverage:	0.14412865
shortestPathHeadingChanges:	8
minHeadingChanges:	6
