sx:	11
sy:	185
ex:	17
ey:	197
shortestPathLength:	15.300563
straightLineDistance:	13.416408
directness:	1.1404366
distanceCoverage:	0.066749126
minMapCoverage:	0.07612315
shortestPathHeadingChanges:	7
minHeadingChanges:	6
