sx:	12
sy:	145
ex:	7
ey:	51
shortestPathLength:	108.11389
straightLineDistance:	94.13288
directness:	1.1485242
distanceCoverage:	0.4683286
minMapCoverage:	0.53788674
shortestPathHeadingChanges:	22
minHeadingChanges:	16
