sx:	12
sy:	193
ex:	11
ey:	195
shortestPathLength:	21.37163
straightLineDistance:	2.236068
directness:	9.557683
distanceCoverage:	0.011124854
minMapCoverage:	0.10632783
shortestPathHeadingChanges:	10
minHeadingChanges:	7
