sx:	12
sy:	81
ex:	15
ey:	63
shortestPathLength:	18.544003
straightLineDistance:	18.248287
directness:	1.0162051
distanceCoverage:	0.090788625
minMapCoverage:	0.09225986
shortestPathHeadingChanges:	3
minHeadingChanges:	3
