sx:	13
sy:	188
ex:	0
ey:	168
shortestPathLength:	25.175137
straightLineDistance:	23.853722
directness:	1.0553966
distanceCoverage:	0.1186767
minMapCoverage:	0.12525098
shortestPathHeadingChanges:	7
minHeadingChanges:	6
