sx:	16
sy:	17
ex:	7
ey:	16
shortestPathLength:	24.426838
straightLineDistance:	9.055386
directness:	2.6974928
distanceCoverage:	0.045052227
minMapCoverage:	0.12152806
shortestPathHeadingChanges:	7
minHeadingChanges:	6
