sx:	16
sy:	24
ex:	3
ey:	41
shortestPathLength:	23.638262
straightLineDistance:	21.400934
directness:	1.1045434
distanceCoverage:	0.106473625
minMapCoverage:	0.11760475
shortestPathHeadingChanges:	9
minHeadingChanges:	5
