sx:	16
sy:	38
ex:	11
ey:	45
shortestPathLength:	9.812559
straightLineDistance:	8.602325
directness:	1.1406868
distanceCoverage:	0.04279817
minMapCoverage:	0.048819307
shortestPathHeadingChanges:	5
minHeadingChanges:	4
