sx:	16
sy:	52
ex:	7
ey:	97
shortestPathLength:	47.975254
straightLineDistance:	45.891174
directness:	1.0454135
distanceCoverage:	0.22831713
minMapCoverage:	0.23868582
shortestPathHeadingChanges:	13
minHeadingChanges:	7
