sx:	16
sy:	93
ex:	13
ey:	134
shortestPathLength:	45.68335
straightLineDistance:	41.109608
directness:	1.1112572
distanceCoverage:	0.20452794
minMapCoverage:	0.22728316
shortestPathHeadingChanges:	12
minHeadingChanges:	10
