sx:	17
sy:	186
ex:	4
ey:	176
shortestPathLength:	16.747732
straightLineDistance:	16.40122
directness:	1.0211272
distanceCoverage:	0.081599124
minMapCoverage:	0.083323084
shortestPathHeadingChanges:	6
minHeadingChanges:	4
