sx:	17
sy:	151
ex:	2
ey:	100
shortestPathLength:	64.157684
straightLineDistance:	53.160137
directness:	1.2068758
distanceCoverage:	0.26448157
minMapCoverage:	0.3191964
shortestPathHeadingChanges:	17
minHeadingChanges:	12
