sx:	17
sy:	100
ex:	8
ey:	62
shortestPathLength:	45.750854
straightLineDistance:	39.051247
directness:	1.1715593
distanceCoverage:	0.19428721
minMapCoverage:	0.227619
shortestPathHeadingChanges:	12
minHeadingChanges:	8
