sx:	17
sy:	192
ex:	19
ey:	176
shortestPathLength:	16.44751
straightLineDistance:	16.124516
directness:	1.0200312
distanceCoverage:	0.080222465
minMapCoverage:	0.08182942
shortestPathHeadingChanges:	3
minHeadingChanges:	3
