sx:	18
sy:	12
ex:	4
ey:	5
shortestPathLength:	26.706211
straightLineDistance:	15.652476
directness:	1.7061971
distanceCoverage:	0.07787398
minMapCoverage:	0.13286836
shortestPathHeadingChanges:	9
minHeadingChanges:	7
