sx:	18
sy:	69
ex:	8
ey:	50
shortestPathLength:	30.709341
straightLineDistance:	21.470911
directness:	1.4302766
distanceCoverage:	0.106821775
minMapCoverage:	0.15278468
shortestPathHeadingChanges:	7
minHeadingChanges:	6
