sx:	19
sy:	122
ex:	9
ey:	128
shortestPathLength:	33.91956
straightLineDistance:	11.661903
directness:	2.9085784
distanceCoverage:	0.058020137
minMapCoverage:	0.16875611
shortestPathHeadingChanges:	7
minHeadingChanges:	6
