sx:	19
sy:	112
ex:	3
ey:	90
shortestPathLength:	29.386593
straightLineDistance:	27.202942
directness:	1.0802726
distanceCoverage:	0.13533969
minMapCoverage:	0.14620376
shortestPathHeadingChanges:	6
minHeadingChanges:	6
