sx:	2
sy:	148
ex:	18
ey:	109
shortestPathLength:	46.461773
straightLineDistance:	42.154476
directness:	1.1021788
distanceCoverage:	0.20972636
minMapCoverage:	0.23115596
shortestPathHeadingChanges:	10
minHeadingChanges:	7
