sx:	2
sy:	159
ex:	17
ey:	50
shortestPathLength:	121.15447
straightLineDistance:	110.02727
directness:	1.1011313
distanceCoverage:	0.54740614
minMapCoverage:	0.60276604
shortestPathHeadingChanges:	26
minHeadingChanges:	18
