sx:	2
sy:	22
ex:	17
ey:	9
shortestPathLength:	23.620844
straightLineDistance:	19.849434
directness:	1.1900009
distanceCoverage:	0.09875462
minMapCoverage:	0.11751809
shortestPathHeadingChanges:	6
minHeadingChanges:	5
