sx:	20
sy:	134
ex:	1
ey:	104
shortestPathLength:	55.04828
straightLineDistance:	35.510563
directness:	1.5501945
distanceCoverage:	0.17667165
minMapCoverage:	0.27387542
shortestPathHeadingChanges:	16
minHeadingChanges:	10
