sx:	20
sy:	40
ex:	8
ey:	42
shortestPathLength:	14.752246
straightLineDistance:	12.165525
directness:	1.212627
distanceCoverage:	0.060525753
minMapCoverage:	0.07339516
shortestPathHeadingChanges:	5
minHeadingChanges:	4
