sx:	3
sy:	185
ex:	13
ey:	173
shortestPathLength:	17.48807
straightLineDistance:	15.6205
directness:	1.1195589
distanceCoverage:	0.07771489
minMapCoverage:	0.0870064
shortestPathHeadingChanges:	6
minHeadingChanges:	3
