sx:	4
sy:	149
ex:	11
ey:	156
shortestPathLength:	40.21722
straightLineDistance:	9.899495
directness:	4.0625525
distanceCoverage:	0.04925183
minMapCoverage:	0.20008814
shortestPathHeadingChanges:	11
minHeadingChanges:	9
