sx:	4
sy:	189
ex:	19
ey:	184
shortestPathLength:	18.758497
straightLineDistance:	15.811388
directness:	1.1863916
distanceCoverage:	0.07866459
minMapCoverage:	0.09332701
shortestPathHeadingChanges:	5
minHeadingChanges:	5
