sx:	4
sy:	191
ex:	18
ey:	200
shortestPathLength:	28.922142
straightLineDistance:	16.643316
directness:	1.7377632
distanceCoverage:	0.08280359
minMapCoverage:	0.14389303
shortestPathHeadingChanges:	11
minHeadingChanges:	7
