sx:	6
sy:	126
ex:	19
ey:	145
shortestPathLength:	33.878166
straightLineDistance:	23.021729
directness:	1.4715735
distanceCoverage:	0.11453738
minMapCoverage:	0.16855018
shortestPathHeadingChanges:	9
minHeadingChanges:	7
