sx:	6
sy:	36
ex:	2
ey:	28
shortestPathLength:	10.848192
straightLineDistance:	8.944272
directness:	1.2128648
distanceCoverage:	0.044499416
minMapCoverage:	0.053971775
shortestPathHeadingChanges:	5
minHeadingChanges:	4
