sx:	6
sy:	80
ex:	7
ey:	113
shortestPathLength:	43.63726
straightLineDistance:	33.01515
directness:	1.3217345
distanceCoverage:	0.1642565
minMapCoverage:	0.21710348
shortestPathHeadingChanges:	14
minHeadingChanges:	10
