sx:	7
sy:	104
ex:	16
ey:	53
shortestPathLength:	63.65551
straightLineDistance:	51.78803
directness:	1.229155
distanceCoverage:	0.25765508
minMapCoverage:	0.31669798
shortestPathHeadingChanges:	19
minHeadingChanges:	13
