sx:	7
sy:	3
ex:	1
ey:	22
shortestPathLength:	20.435717
straightLineDistance:	19.924858
directness:	1.0256393
distanceCoverage:	0.09912987
minMapCoverage:	0.10167149
shortestPathHeadingChanges:	6
minHeadingChanges:	4
