sx:	8
sy:	73
ex:	2
ey:	138
shortestPathLength:	74.89469
straightLineDistance:	65.27634
directness:	1.1473483
distanceCoverage:	0.32476193
minMapCoverage:	0.372615
shortestPathHeadingChanges:	18
minHeadingChanges:	14
