sx:	8
sy:	76
ex:	18
ey:	126
shortestPathLength:	88.6317
straightLineDistance:	50.990196
directness:	1.7382106
distanceCoverage:	0.2536857
minMapCoverage:	0.4409592
shortestPathHeadingChanges:	21
minHeadingChanges:	16
