sx:	9
sy:	13
ex:	17
ey:	5
shortestPathLength:	11.87526
straightLineDistance:	11.313708
directness:	1.0496347
distanceCoverage:	0.056287803
minMapCoverage:	0.05908163
shortestPathHeadingChanges:	4
minHeadingChanges:	4
