sx:	9
sy:	164
ex:	6
ey:	163
shortestPathLength:	3.236068
straightLineDistance:	3.1622777
directness:	1.0233345
distanceCoverage:	0.01573292
minMapCoverage:	0.01610004
shortestPathHeadingChanges:	3
minHeadingChanges:	3
