sx:	9
sy:	69
ex:	3
ey:	50
shortestPathLength:	21.092384
straightLineDistance:	19.924858
directness:	1.0585965
distanceCoverage:	0.09912987
minMapCoverage:	0.10493854
shortestPathHeadingChanges:	6
minHeadingChanges:	5
