sx:	0
sy:	29
ex:	61
ey:	18
shortestPathLength:	62.1008
straightLineDistance:	61.983868
directness:	1.0018865
distanceCoverage:	0.43829215
minMapCoverage:	0.43911895
shortestPathHeadingChanges:	4
minHeadingChanges:	3
