sx:	0
sy:	93
ex:	93
ey:	34
shortestPathLength:	110.165535
straightLineDistance:	110.13628
directness:	1.0002657
distanceCoverage:	0.77878106
minMapCoverage:	0.77898794
shortestPathHeadingChanges:	5
minHeadingChanges:	4
