sx:	11
sy:	56
ex:	88
ey:	39
shortestPathLength:	78.94711
straightLineDistance:	78.854294
directness:	1.0011771
distanceCoverage:	0.55758405
minMapCoverage:	0.5582404
shortestPathHeadingChanges:	3
minHeadingChanges:	3
