sx:	11
sy:	78
ex:	57
ey:	60
shortestPathLength:	49.51626
straightLineDistance:	49.396355
directness:	1.0024273
distanceCoverage:	0.34928498
minMapCoverage:	0.35013282
shortestPathHeadingChanges:	3
minHeadingChanges:	3
