sx:	16
sy:	60
ex:	84
ey:	66
shortestPathLength:	68.61285
straightLineDistance:	68.26419
directness:	1.0051074
distanceCoverage:	0.48270074
minMapCoverage:	0.4851661
shortestPathHeadingChanges:	4
minHeadingChanges:	3
