sx:	18
sy:	60
ex:	86
ey:	7
shortestPathLength:	86.281136
straightLineDistance:	86.21485
directness:	1.0007688
distanceCoverage:	0.60963106
minMapCoverage:	0.61009973
shortestPathHeadingChanges:	6
minHeadingChanges:	3
