sx:	22
sy:	64
ex:	50
ey:	57
shortestPathLength:	30.442924
straightLineDistance:	28.86174
directness:	1.0547848
distanceCoverage:	0.20408332
minMapCoverage:	0.21526398
shortestPathHeadingChanges:	3
minHeadingChanges:	3
