sx:	23
sy:	53
ex:	18
ey:	56
shortestPathLength:	6.6055512
straightLineDistance:	5.8309517
directness:	1.1328428
distanceCoverage:	0.041231055
minMapCoverage:	0.0467083
shortestPathHeadingChanges:	3
minHeadingChanges:	3
