sx:	28
sy:	47
ex:	54
ey:	75
shortestPathLength:	38.234207
straightLineDistance:	38.209946
directness:	1.0006349
distanceCoverage:	0.2701851
minMapCoverage:	0.27035668
shortestPathHeadingChanges:	3
minHeadingChanges:	3
