sx:	3
sy:	25
ex:	76
ey:	62
shortestPathLength:	82.660545
straightLineDistance:	81.84131
directness:	1.0100101
distanceCoverage:	0.57870543
minMapCoverage:	0.58449835
shortestPathHeadingChanges:	6
minHeadingChanges:	5
