sx:	3
sy:	67
ex:	17
ey:	32
shortestPathLength:	37.75804
straightLineDistance:	37.696156
directness:	1.0016418
distanceCoverage:	0.26655206
minMapCoverage:	0.26698968
shortestPathHeadingChanges:	4
minHeadingChanges:	3
