sx:	31
sy:	19
ex:	42
ey:	35
shortestPathLength:	19.597836
straightLineDistance:	19.416489
directness:	1.0093398
distanceCoverage:	0.1372953
minMapCoverage:	0.13857763
shortestPathHeadingChanges:	3
minHeadingChanges:	3
