sx:	31
sy:	20
ex:	40
ey:	24
shortestPathLength:	9.958217
straightLineDistance:	9.848858
directness:	1.0111037
distanceCoverage:	0.06964194
minMapCoverage:	0.07041523
shortestPathHeadingChanges:	3
minHeadingChanges:	3
