sx:	32
sy:	20
ex:	60
ey:	86
shortestPathLength:	71.78225
straightLineDistance:	71.693794
directness:	1.0012338
distanceCoverage:	0.5069517
minMapCoverage:	0.5075772
shortestPathHeadingChanges:	7
minHeadingChanges:	4
