sx:	34
sy:	69
ex:	62
ey:	5
shortestPathLength:	70.07345
straightLineDistance:	69.856995
directness:	1.0030985
distanceCoverage:	0.49396354
minMapCoverage:	0.4954941
shortestPathHeadingChanges:	8
minHeadingChanges:	3
