sx:	36
sy:	4
ex:	33
ey:	56
shortestPathLength:	52.235382
straightLineDistance:	52.086468
directness:	1.002859
distanceCoverage:	0.36830693
minMapCoverage:	0.36935994
shortestPathHeadingChanges:	3
minHeadingChanges:	3
