sx:	43
sy:	35
ex:	63
ey:	45
shortestPathLength:	22.383898
straightLineDistance:	22.36068
directness:	1.0010383
distanceCoverage:	0.15811388
minMapCoverage:	0.15827806
shortestPathHeadingChanges:	3
minHeadingChanges:	3
