sx:	47
sy:	76
ex:	55
ey:	10
shortestPathLength:	66.566284
straightLineDistance:	66.48308
directness:	1.0012516
distanceCoverage:	0.47010636
minMapCoverage:	0.47069472
shortestPathHeadingChanges:	5
minHeadingChanges:	3
