sx:	48
sy:	100
ex:	92
ey:	21
shortestPathLength:	90.46538
straightLineDistance:	90.426765
directness:	1.000427
distanceCoverage:	0.6394138
minMapCoverage:	0.6396868
shortestPathHeadingChanges:	7
minHeadingChanges:	3
