sx:	50
sy:	61
ex:	2
ey:	82
shortestPathLength:	52.630222
straightLineDistance:	52.392746
directness:	1.0045326
distanceCoverage:	0.37047267
minMapCoverage:	0.37215188
shortestPathHeadingChanges:	3
minHeadingChanges:	3
