sx:	50
sy:	7
ex:	57
ey:	34
shortestPathLength:	28.411549
straightLineDistance:	27.89265
directness:	1.0186034
distanceCoverage:	0.19723083
minMapCoverage:	0.20089999
shortestPathHeadingChanges:	4
minHeadingChanges:	3
