sx:	59
sy:	99
ex:	65
ey:	89
shortestPathLength:	11.858414
straightLineDistance:	11.661903
directness:	1.0168506
distanceCoverage:	0.08246211
minMapCoverage:	0.08385165
shortestPathHeadingChanges:	3
minHeadingChanges:	3
