sx:	63
sy:	85
ex:	9
ey:	95
shortestPathLength:	55.010166
straightLineDistance:	54.91812
directness:	1.0016761
distanceCoverage:	0.38832977
minMapCoverage:	0.38898063
shortestPathHeadingChanges:	4
minHeadingChanges:	3
