sx:	63
sy:	96
ex:	36
ey:	83
shortestPathLength:	30.645401
straightLineDistance:	29.966648
directness:	1.0226502
distanceCoverage:	0.2118962
minMapCoverage:	0.21669571
shortestPathHeadingChanges:	4
minHeadingChanges:	4
