sx:	7
sy:	21
ex:	93
ey:	68
shortestPathLength:	98.40425
straightLineDistance:	98.005104
directness:	1.0040727
distanceCoverage:	0.69300073
minMapCoverage:	0.69582313
shortestPathHeadingChanges:	6
minHeadingChanges:	3
