sx:	73
sy:	100
ex:	19
ey:	13
shortestPathLength:	102.94525
straightLineDistance:	102.396286
directness:	1.0053612
distanceCoverage:	0.72405106
minMapCoverage:	0.7279329
shortestPathHeadingChanges:	11
minHeadingChanges:	4
