sx:	76
sy:	69
ex:	40
ey:	30
shortestPathLength:	53.21044
straightLineDistance:	53.075417
directness:	1.002544
distanceCoverage:	0.37529987
minMapCoverage:	0.37625465
shortestPathHeadingChanges:	5
minHeadingChanges:	3
