sx:	81
sy:	15
ex:	91
ey:	81
shortestPathLength:	66.94714
straightLineDistance:	66.75328
directness:	1.0029042
distanceCoverage:	0.47201696
minMapCoverage:	0.47338778
shortestPathHeadingChanges:	6
minHeadingChanges:	3
