sx:	91
sy:	23
ex:	19
ey:	50
shortestPathLength:	76.97744
straightLineDistance:	76.896034
directness:	1.0010587
distanceCoverage:	0.54373705
minMapCoverage:	0.5443127
shortestPathHeadingChanges:	5
minHeadingChanges:	3
