sx:	97
sy:	94
ex:	85
ey:	17
shortestPathLength:	77.95797
straightLineDistance:	77.92946
directness:	1.0003659
distanceCoverage:	0.55104446
minMapCoverage:	0.5512461
shortestPathHeadingChanges:	5
minHeadingChanges:	3
