sx:	98
sy:	16
ex:	78
ey:	100
shortestPathLength:	86.45891
straightLineDistance:	86.34813
directness:	1.0012829
distanceCoverage:	0.6105735
minMapCoverage:	0.6113568
shortestPathHeadingChanges:	6
minHeadingChanges:	4
