sx:	0
sy:	87
ex:	20
ey:	137
shortestPathLength:	71.367615
straightLineDistance:	53.851646
directness:	1.3252634
distanceCoverage:	0.26792195
minMapCoverage:	0.35506716
shortestPathHeadingChanges:	18
minHeadingChanges:	15
