sx:	1
sy:	95
ex:	4
ey:	71
shortestPathLength:	48.138466
straightLineDistance:	24.186773
directness:	1.9902806
distanceCoverage:	0.120333694
minMapCoverage:	0.23949783
shortestPathHeadingChanges:	13
minHeadingChanges:	8
