sx:	10
sy:	17
ex:	19
ey:	14
shortestPathLength:	27.459114
straightLineDistance:	9.486833
directness:	2.894445
distanceCoverage:	0.047198758
minMapCoverage:	0.1366142
shortestPathHeadingChanges:	11
minHeadingChanges:	7
