sx:	10
sy:	80
ex:	14
ey:	69
shortestPathLength:	11.709721
straightLineDistance:	11.7046995
directness:	1.000429
distanceCoverage:	0.058233056
minMapCoverage:	0.058258038
shortestPathHeadingChanges:	3
minHeadingChanges:	3
