sx:	11
sy:	191
ex:	14
ey:	188
shortestPathLength:	4.6055512
straightLineDistance:	4.2426405
directness:	1.0855389
distanceCoverage:	0.021107925
minMapCoverage:	0.022913475
shortestPathHeadingChanges:	3
minHeadingChanges:	3
