sx:	11
sy:	117
ex:	1
ey:	128
shortestPathLength:	17.581299
straightLineDistance:	14.866069
directness:	1.1826462
distanceCoverage:	0.07396146
minMapCoverage:	0.08747023
shortestPathHeadingChanges:	6
minHeadingChanges:	5
