sx:	12
sy:	123
ex:	6
ey:	137
shortestPathLength:	15.866069
straightLineDistance:	15.231546
directness:	1.0416584
distanceCoverage:	0.07577977
minMapCoverage:	0.078936644
shortestPathHeadingChanges:	3
minHeadingChanges:	3
