sx:	12
sy:	115
ex:	4
ey:	83
shortestPathLength:	38.553635
straightLineDistance:	32.984844
directness:	1.1688287
distanceCoverage:	0.16410573
minMapCoverage:	0.1918115
shortestPathHeadingChanges:	9
minHeadingChanges:	6
