sx:	12
sy:	138
ex:	4
ey:	110
shortestPathLength:	32.626534
straightLineDistance:	29.12044
directness:	1.1203997
distanceCoverage:	0.1448796
minMapCoverage:	0.16232307
shortestPathHeadingChanges:	7
minHeadingChanges:	7
