sx:	12
sy:	65
ex:	17
ey:	119
shortestPathLength:	72.0661
straightLineDistance:	54.230988
directness:	1.3288732
distanceCoverage:	0.26980925
minMapCoverage:	0.35854226
shortestPathHeadingChanges:	13
minHeadingChanges:	11
