sx:	13
sy:	11
ex:	7
ey:	43
shortestPathLength:	47.25653
straightLineDistance:	32.55764
directness:	1.4514729
distanceCoverage:	0.16198032
minMapCoverage:	0.23511003
shortestPathHeadingChanges:	15
minHeadingChanges:	11
