sx:	13
sy:	158
ex:	12
ey:	188
shortestPathLength:	60.632267
straightLineDistance:	30.016663
directness:	2.0199537
distanceCoverage:	0.14933848
minMapCoverage:	0.3016568
shortestPathHeadingChanges:	14
minHeadingChanges:	10
