sx:	13
sy:	192
ex:	11
ey:	177
shortestPathLength:	42.44697
straightLineDistance:	15.132746
directness:	2.8049748
distanceCoverage:	0.07528822
minMapCoverage:	0.21118158
shortestPathHeadingChanges:	12
minHeadingChanges:	9
