sx:	13
sy:	126
ex:	6
ey:	82
shortestPathLength:	48.172085
straightLineDistance:	44.553337
directness:	1.0812228
distanceCoverage:	0.22166114
minMapCoverage:	0.23966508
shortestPathHeadingChanges:	10
minHeadingChanges:	7
