sx:	13
sy:	109
ex:	7
ey:	139
shortestPathLength:	43.902573
straightLineDistance:	30.594116
directness:	1.4350005
distanceCoverage:	0.15221141
minMapCoverage:	0.21842346
shortestPathHeadingChanges:	10
minHeadingChanges:	8
