sx:	13
sy:	25
ex:	4
ey:	61
shortestPathLength:	39.605225
straightLineDistance:	37.107952
directness:	1.0672975
distanceCoverage:	0.18461896
minMapCoverage:	0.19704336
shortestPathHeadingChanges:	10
minHeadingChanges:	8
