sx:	14
sy:	48
ex:	12
ey:	2
shortestPathLength:	54.609287
straightLineDistance:	46.043457
directness:	1.1860379
distanceCoverage:	0.22907476
minMapCoverage:	0.27169135
shortestPathHeadingChanges:	16
minHeadingChanges:	12
