sx:	15
sy:	165
ex:	17
ey:	183
shortestPathLength:	27.919798
straightLineDistance:	18.110771
directness:	1.5416129
distanceCoverage:	0.09010445
minMapCoverage:	0.13890618
shortestPathHeadingChanges:	6
minHeadingChanges:	6
