sx:	15
sy:	159
ex:	19
ey:	178
shortestPathLength:	23.60555
straightLineDistance:	19.416489
directness:	1.2157477
distanceCoverage:	0.096600644
minMapCoverage:	0.117442004
shortestPathHeadingChanges:	6
minHeadingChanges:	5
