sx:	15
sy:	157
ex:	8
ey:	196
shortestPathLength:	53.79064
straightLineDistance:	39.623226
directness:	1.3575534
distanceCoverage:	0.19713292
minMapCoverage:	0.26761845
shortestPathHeadingChanges:	13
minHeadingChanges:	11
