sx:	15
sy:	26
ex:	16
ey:	14
shortestPathLength:	35.073765
straightLineDistance:	12.0415945
directness:	2.9127176
distanceCoverage:	0.059909172
minMapCoverage:	0.1744985
shortestPathHeadingChanges:	13
minHeadingChanges:	10
