sx:	15
sy:	71
ex:	12
ey:	78
shortestPathLength:	7.9274464
straightLineDistance:	7.615773
directness:	1.0409247
distanceCoverage:	0.037889887
minMapCoverage:	0.03944052
shortestPathHeadingChanges:	3
minHeadingChanges:	3
