sx:	16
sy:	133
ex:	11
ey:	70
shortestPathLength:	83.63689
straightLineDistance:	63.1981
directness:	1.3234082
distanceCoverage:	0.3144223
minMapCoverage:	0.41610906
shortestPathHeadingChanges:	15
minHeadingChanges:	12
