sx:	16
sy:	76
ex:	15
ey:	75
shortestPathLength:	1.4142135
straightLineDistance:	1.4142135
directness:	1.0
distanceCoverage:	0.0070359753
minMapCoverage:	0.0070359753
shortestPathHeadingChanges:	2
minHeadingChanges:	2
