sx:	17
sy:	142
ex:	12
ey:	85
shortestPathLength:	68.68255
straightLineDistance:	57.21888
directness:	1.2003477
distanceCoverage:	0.28467456
minMapCoverage:	0.34170845
shortestPathHeadingChanges:	15
minHeadingChanges:	13
