sx:	18
sy:	42
ex:	13
ey:	12
shortestPathLength:	54.039368
straightLineDistance:	30.413813
directness:	1.7768035
distanceCoverage:	0.15131438
minMapCoverage:	0.2688559
shortestPathHeadingChanges:	18
minHeadingChanges:	13
