sx:	18
sy:	71
ex:	15
ey:	142
shortestPathLength:	85.160065
straightLineDistance:	71.063354
directness:	1.1983682
distanceCoverage:	0.3535534
minMapCoverage:	0.42368716
shortestPathHeadingChanges:	18
minHeadingChanges:	16
