sx:	18
sy:	71
ex:	20
ey:	87
shortestPathLength:	18.178492
straightLineDistance:	16.124516
directness:	1.1273822
distanceCoverage:	0.080222465
minMapCoverage:	0.090441376
shortestPathHeadingChanges:	6
minHeadingChanges:	5
