sx:	2
sy:	22
ex:	14
ey:	16
shortestPathLength:	27.214634
straightLineDistance:	13.416408
directness:	2.028459
distanceCoverage:	0.066749126
minMapCoverage:	0.13539787
shortestPathHeadingChanges:	6
minHeadingChanges:	6
