sx:	3
sy:	140
ex:	16
ey:	57
shortestPathLength:	100.93312
straightLineDistance:	84.0119
directness:	1.2014146
distanceCoverage:	0.41797483
minMapCoverage:	0.502161
shortestPathHeadingChanges:	18
minHeadingChanges:	14
