sx:	3
sy:	20
ex:	12
ey:	10
shortestPathLength:	18.303446
straightLineDistance:	13.453624
directness:	1.3604845
distanceCoverage:	0.06693428
minMapCoverage:	0.091063045
shortestPathHeadingChanges:	5
minHeadingChanges:	5
