sx:	4
sy:	199
ex:	5
ey:	194
shortestPathLength:	11.048628
straightLineDistance:	5.0990195
directness:	2.166814
distanceCoverage:	0.02536857
minMapCoverage:	0.05496898
shortestPathHeadingChanges:	6
minHeadingChanges:	4
