sx:	4
sy:	28
ex:	13
ey:	55
shortestPathLength:	43.237495
straightLineDistance:	28.460499
directness:	1.5192107
distanceCoverage:	0.14159627
minMapCoverage:	0.21511458
shortestPathHeadingChanges:	12
minHeadingChanges:	7
