sx:	5
sy:	169
ex:	20
ey:	192
shortestPathLength:	47.53679
straightLineDistance:	27.45906
directness:	1.7311877
distanceCoverage:	0.13661394
minMapCoverage:	0.23650436
shortestPathHeadingChanges:	9
minHeadingChanges:	7
