sx:	7
sy:	107
ex:	12
ey:	77
shortestPathLength:	52.086536
straightLineDistance:	30.413813
directness:	1.7125947
distanceCoverage:	0.15131438
minMapCoverage:	0.2591402
shortestPathHeadingChanges:	13
minHeadingChanges:	8
