sx:	8
sy:	136
ex:	15
ey:	104
shortestPathLength:	42.85784
straightLineDistance:	32.75668
directness:	1.3083695
distanceCoverage:	0.16297057
minMapCoverage:	0.21322574
shortestPathHeadingChanges:	7
minHeadingChanges:	7
