sx:	8
sy:	37
ex:	3
ey:	55
shortestPathLength:	19.342157
straightLineDistance:	18.681541
directness:	1.035362
distanceCoverage:	0.092944145
minMapCoverage:	0.09623083
shortestPathHeadingChanges:	4
minHeadingChanges:	4
