sx:	8
sy:	85
ex:	14
ey:	132
shortestPathLength:	53.930504
straightLineDistance:	47.38143
directness:	1.1382202
distanceCoverage:	0.23573144
minMapCoverage:	0.26831427
shortestPathHeadingChanges:	8
minHeadingChanges:	8
