sx:	9
sy:	73
ex:	12
ey:	132
shortestPathLength:	83.77394
straightLineDistance:	59.07622
directness:	1.4180653
distanceCoverage:	0.29391518
minMapCoverage:	0.41679093
shortestPathHeadingChanges:	17
minHeadingChanges:	13
