sx:	0
sy:	2
ex:	28
ey:	28
shortestPathLength:	39.148773
straightLineDistance:	38.209946
directness:	1.0245702
distanceCoverage:	0.90061706
minMapCoverage:	0.9227454
shortestPathHeadingChanges:	9
minHeadingChanges:	5
