sx:	10
sy:	15
ex:	24
ey:	5
shortestPathLength:	17.429554
straightLineDistance:	17.20465
directness:	1.0130723
distanceCoverage:	0.40551752
minMapCoverage:	0.41081852
shortestPathHeadingChanges:	3
minHeadingChanges:	3
