sx:	12
sy:	29
ex:	15
ey:	11
shortestPathLength:	18.423569
straightLineDistance:	18.248287
directness:	1.0096054
distanceCoverage:	0.43011627
minMapCoverage:	0.43424767
shortestPathHeadingChanges:	3
minHeadingChanges:	3
