sx:	16
sy:	21
ex:	21
ey:	0
shortestPathLength:	21.924116
straightLineDistance:	21.587032
directness:	1.0156151
distanceCoverage:	0.50881124
minMapCoverage:	0.51675636
shortestPathHeadingChanges:	5
minHeadingChanges:	4
