sx:	17
sy:	18
ex:	18
ey:	22
shortestPathLength:	4.4142137
straightLineDistance:	4.1231055
directness:	1.0706041
distanceCoverage:	0.09718253
minMapCoverage:	0.10404401
shortestPathHeadingChanges:	3
minHeadingChanges:	3
