sx:	17
sy:	14
ex:	1
ey:	1
shortestPathLength:	21.564201
straightLineDistance:	20.615528
directness:	1.0460174
distanceCoverage:	0.48591265
minMapCoverage:	0.5082731
shortestPathHeadingChanges:	4
minHeadingChanges:	3
