sx:	19
sy:	13
ex:	1
ey:	24
shortestPathLength:	21.327757
straightLineDistance:	21.095022
directness:	1.0110327
distanceCoverage:	0.49721444
minMapCoverage:	0.50270003
shortestPathHeadingChanges:	3
minHeadingChanges:	3
