sx:	19
sy:	25
ex:	21
ey:	16
shortestPathLength:	10.236068
straightLineDistance:	9.219544
directness:	1.1102574
distanceCoverage:	0.21730675
minMapCoverage:	0.24126643
shortestPathHeadingChanges:	3
minHeadingChanges:	3
