sx:	19
sy:	7
ex:	6
ey:	22
shortestPathLength:	21.07368
straightLineDistance:	19.849434
directness:	1.0616766
distanceCoverage:	0.46785563
minMapCoverage:	0.49671143
shortestPathHeadingChanges:	4
minHeadingChanges:	3
