sx:	2
sy:	12
ex:	11
ey:	13
shortestPathLength:	9.082763
straightLineDistance:	9.055386
directness:	1.0030233
distanceCoverage:	0.21343748
minMapCoverage:	0.21408278
shortestPathHeadingChanges:	3
minHeadingChanges:	3
