sx:	20
sy:	0
ex:	15
ey:	27
shortestPathLength:	29.232319
straightLineDistance:	27.45906
directness:	1.0645783
distanceCoverage:	0.64721626
minMapCoverage:	0.68901235
shortestPathHeadingChanges:	7
minHeadingChanges:	5
