sx:	20
sy:	13
ex:	2
ey:	15
shortestPathLength:	23.731985
straightLineDistance:	18.110771
directness:	1.3103796
distanceCoverage:	0.42687497
minMapCoverage:	0.55936825
shortestPathHeadingChanges:	6
minHeadingChanges:	4
