sx:	20
sy:	21
ex:	23
ey:	15
shortestPathLength:	8.478708
straightLineDistance:	6.708204
directness:	1.2639313
distanceCoverage:	0.15811388
minMapCoverage:	0.19984508
shortestPathHeadingChanges:	5
minHeadingChanges:	4
