sx:	25
sy:	13
ex:	4
ey:	11
shortestPathLength:	21.190033
straightLineDistance:	21.095022
directness:	1.004504
distanceCoverage:	0.49721444
minMapCoverage:	0.49945387
shortestPathHeadingChanges:	3
minHeadingChanges:	3
