sx:	28
sy:	10
ex:	22
ey:	16
shortestPathLength:	8.605551
straightLineDistance:	8.485281
directness:	1.014174
distanceCoverage:	0.19999999
minMapCoverage:	0.20283477
shortestPathHeadingChanges:	3
minHeadingChanges:	3
