sx:	28
sy:	9
ex:	27
ey:	28
shortestPathLength:	20.549091
straightLineDistance:	19.026299
directness:	1.0800362
distanceCoverage:	0.44845417
minMapCoverage:	0.48434672
shortestPathHeadingChanges:	6
minHeadingChanges:	4
