sx:	29
sy:	19
ex:	7
ey:	24
shortestPathLength:	23.18034
straightLineDistance:	22.561028
directness:	1.0274506
distanceCoverage:	0.5317685
minMapCoverage:	0.54636586
shortestPathHeadingChanges:	4
minHeadingChanges:	3
