sx:	29
sy:	16
ex:	22
ey:	1
shortestPathLength:	16.756815
straightLineDistance:	16.552946
directness:	1.0123162
distanceCoverage:	0.3901567
minMapCoverage:	0.39496192
shortestPathHeadingChanges:	3
minHeadingChanges:	3
