sx:	29
sy:	24
ex:	17
ey:	0
shortestPathLength:	26.94288
straightLineDistance:	26.832815
directness:	1.0041019
distanceCoverage:	0.6324555
minMapCoverage:	0.63504976
shortestPathHeadingChanges:	4
minHeadingChanges:	4
