sx:	3
sy:	22
ex:	24
ey:	13
shortestPathLength:	23.566196
straightLineDistance:	22.847319
directness:	1.0314645
distanceCoverage:	0.53851646
minMapCoverage:	0.5554606
shortestPathHeadingChanges:	5
minHeadingChanges:	4
