sx:	30
sy:	5
ex:	11
ey:	7
shortestPathLength:	19.480099
straightLineDistance:	19.104973
directness:	1.019635
distanceCoverage:	0.45030853
minMapCoverage:	0.45915034
shortestPathHeadingChanges:	4
minHeadingChanges:	3
