sx:	5
sy:	20
ex:	21
ey:	30
shortestPathLength:	20.98749
straightLineDistance:	18.867962
directness:	1.1123347
distanceCoverage:	0.44472212
minMapCoverage:	0.49467987
shortestPathHeadingChanges:	6
minHeadingChanges:	4
