sx:	6
sy:	18
ex:	26
ey:	20
shortestPathLength:	21.612251
straightLineDistance:	20.09975
directness:	1.0752497
distanceCoverage:	0.47375566
minMapCoverage:	0.5094057
shortestPathHeadingChanges:	5
minHeadingChanges:	4
