sx:	6
sy:	28
ex:	4
ey:	24
shortestPathLength:	4.5764914
straightLineDistance:	4.472136
directness:	1.0233345
distanceCoverage:	0.10540926
minMapCoverage:	0.10786893
shortestPathHeadingChanges:	3
minHeadingChanges:	3
