sx:	7
sy:	24
ex:	18
ey:	9
shortestPathLength:	19.041595
straightLineDistance:	18.601076
directness:	1.0236825
distanceCoverage:	0.43843156
minMapCoverage:	0.44881472
shortestPathHeadingChanges:	4
minHeadingChanges:	3
