sx:	8
sy:	7
ex:	16
ey:	24
shortestPathLength:	19.504078
straightLineDistance:	18.788294
directness:	1.0380974
distanceCoverage:	0.44284433
minMapCoverage:	0.45971552
shortestPathHeadingChanges:	5
minHeadingChanges:	4
