sx:	9
sy:	4
ex:	17
ey:	18
shortestPathLength:	16.341095
straightLineDistance:	16.124516
directness:	1.0134317
distanceCoverage:	0.38005847
minMapCoverage:	0.3851633
shortestPathHeadingChanges:	4
minHeadingChanges:	4
