baldursgate_AR0011SR: 3.896988
baldursgate_AR0012SR: 1.4377146
baldursgate_AR0013SR: 1.1193684
baldursgate_AR0014SR: 1.3653958
baldursgate_AR0015SR: 1.770521
baldursgate_AR0016SR: 1.2502971
baldursgate_AR0017SR: 1.6135472
baldursgate_AR0018SR: 1.7884896
baldursgate_AR0020SR: 2.4934149
baldursgate_AR0021SR: 1.0728363
baldursgate_AR0022SR: 1.3047823
baldursgate_AR0041SR: 3.6680179
baldursgate_AR0042SR: 5.922199
baldursgate_AR0043SR: 5.245968
baldursgate_AR0044SR: 6.25577
baldursgate_AR0045SR: 3.3686347
baldursgate_AR0046SR: 3.800199
baldursgate_AR0069SR: 1.7741672
baldursgate_AR0070SR: 1.706088
baldursgate_AR0071SR: 1.3596588
baldursgate_AR0072SR: 2.9916732
baldursgate_AR0082SR: 0.61702126
baldursgate_AR0201SR: 1.4296415
baldursgate_AR0202SR: 1.2616392
baldursgate_AR0203SR: 3.7144141
baldursgate_AR0204SR: 2.896317
baldursgate_AR0205SR: 1.6261903
baldursgate_AR0206SR: 2.6902087
baldursgate_AR0300SR: 3.2334106
baldursgate_AR0301SR: 1.3198498
baldursgate_AR0302SR: 1.2260119
baldursgate_AR0303SR: 1.4636482
baldursgate_AR0304SR: 0.96155626
baldursgate_AR0305SR: 1.3364615
baldursgate_AR0306SR: 1.3738317
baldursgate_AR0307SR: 1.4150519
baldursgate_AR0308SR: 2.081686
baldursgate_AR0309SR: 1.0805668
baldursgate_AR0310SR: 3.117169
baldursgate_AR0311SR: 1.1853513
baldursgate_AR0312SR: 1.1111112
baldursgate_AR0313SR: 1.0728363
baldursgate_AR0314SR: 1.3203744
baldursgate_AR0315SR: 1.1133231
baldursgate_AR0316SR: 1.2726574
baldursgate_AR0317SR: 1.448895
baldursgate_AR0318SR: 1.774395
baldursgate_AR0319SR: 1.5608308
baldursgate_AR0325SR: 1.6196532
baldursgate_AR0330SR: 1.0782521
baldursgate_AR0331SR: 0.8729704
baldursgate_AR0332SR: 1.5689656
baldursgate_AR0334SR: 1.7036713
baldursgate_AR0335SR: 1.1111112
baldursgate_AR0400SR: 3.465983
baldursgate_AR0401SR: 1.2339593
baldursgate_AR0402SR: 1.3267716
baldursgate_AR0403SR: 1.6590613
baldursgate_AR0404SR: 2.0451846
baldursgate_AR0405SR: 2.440019
baldursgate_AR0406SR: 1.2224296
baldursgate_AR0407SR: 1.1471862
baldursgate_AR0408SR: 1.1772727
baldursgate_AR0409SR: 1.1471862
baldursgate_AR0410SR: 2.5487227
baldursgate_AR0411SR: 2.4325352
baldursgate_AR0412SR: 3.8691018
baldursgate_AR0413SR: 0.5853841
baldursgate_AR0414SR: 5.6223793
baldursgate_AR0415SR: 1.1853513
baldursgate_AR0416SR: 1.2017417
baldursgate_AR0417SR: 1.1167161
baldursgate_AR0418SR: 4.1261377
baldursgate_AR0420SR: 1.7081218
baldursgate_AR0500SR: 3.6053703
baldursgate_AR0501SR: 1.0782521
baldursgate_AR0502SR: 1.3389313
baldursgate_AR0503SR: 0.8070907
baldursgate_AR0504SR: 2.0305645
baldursgate_AR0505SR: 2.268681
baldursgate_AR0506SR: 1.0748252
baldursgate_AR0507SR: 1.6196532
baldursgate_AR0508SR: 1.2017417
baldursgate_AR0509SR: 0.999458
baldursgate_AR0510SR: 1.6128657
baldursgate_AR0511SR: 1.3744651
baldursgate_AR0512SR: 2.28937
baldursgate_AR0513SR: 1.6620603
baldursgate_AR0514SR: 1.0446043
baldursgate_AR0515SR: 1.1659864
baldursgate_AR0516SR: 1.9879743
baldursgate_AR0517SR: 3.5658784
baldursgate_AR0526SR: 0.8729704
baldursgate_AR0527SR: 1.1133231
baldursgate_AR0528SR: 1.1111112
baldursgate_AR0529SR: 1.1468722
baldursgate_AR0530SR: 1.774395
baldursgate_AR0531SR: 1.7752126
baldursgate_AR0600SR: 1.3445352
baldursgate_AR0601SR: 1.9512929
baldursgate_AR0602SR: 2.0607164
baldursgate_AR0603SR: 2.0036566
baldursgate_AR0604SR: 1.6610441
baldursgate_AR0605SR: 3.8963692
baldursgate_AR0606SR: 3.649874
baldursgate_AR0607SR: 1.4808081
baldursgate_AR0700SR: 2.8170545
baldursgate_AR0701SR: 1.797223
baldursgate_AR0702SR: 0.93880326
baldursgate_AR0703SR: 1.1772727
baldursgate_AR0704SR: 0.98967046
baldursgate_AR0705SR: 0.67092866
baldursgate_AR0706SR: 1.7036713
baldursgate_AR0707SR: 1.808604
baldursgate_AR0708SR: 1.7752126
baldursgate_AR0709SR: 1.6093221
baldursgate_AR0710SR: 1.1
baldursgate_AR0711SR: 1.714101
baldursgate_AR0712SR: 1.3047823
baldursgate_AR0713SR: 1.1468722
