sx:	1
sy:	2
ex:	63
ey:	34
shortestPathLength:	76.77704
straightLineDistance:	69.77106
directness:	1.1004139
distanceCoverage:	0.62405133
minMapCoverage:	0.6867147
shortestPathHeadingChanges:	14
minHeadingChanges:	11
