sx:	11
sy:	40
ex:	96
ey:	33
shortestPathLength:	157.36519
straightLineDistance:	85.28775
directness:	1.8451089
distanceCoverage:	0.7628368
minMapCoverage:	1.4075171
shortestPathHeadingChanges:	40
minHeadingChanges:	25
