sx:	13
sy:	18
ex:	4
ey:	24
shortestPathLength:	16.365746
straightLineDistance:	10.816654
directness:	1.5130136
distanceCoverage:	0.0967471
minMapCoverage:	0.14637968
shortestPathHeadingChanges:	7
minHeadingChanges:	6
