sx:	13
sy:	17
ex:	34
ey:	45
shortestPathLength:	63.473923
straightLineDistance:	35.0
directness:	1.8135407
distanceCoverage:	0.31304953
minMapCoverage:	0.56772804
shortestPathHeadingChanges:	21
minHeadingChanges:	14
