sx:	17
sy:	47
ex:	67
ey:	19
shortestPathLength:	89.917336
straightLineDistance:	57.306194
directness:	1.5690683
distanceCoverage:	0.5125622
minMapCoverage:	0.8042451
shortestPathHeadingChanges:	22
minHeadingChanges:	16
