sx:	18
sy:	16
ex:	86
ey:	12
shortestPathLength:	79.64518
straightLineDistance:	68.117546
directness:	1.1692315
distanceCoverage:	0.6092619
minMapCoverage:	0.71236813
shortestPathHeadingChanges:	18
minHeadingChanges:	12
