sx:	2
sy:	18
ex:	9
ey:	22
shortestPathLength:	8.656855
straightLineDistance:	8.062258
directness:	1.0737506
distanceCoverage:	0.072111025
minMapCoverage:	0.077429265
shortestPathHeadingChanges:	3
minHeadingChanges:	3
