sx:	21
sy:	49
ex:	48
ey:	28
shortestPathLength:	70.41997
straightLineDistance:	34.20526
directness:	2.0587466
distanceCoverage:	0.30594116
minMapCoverage:	0.62985533
shortestPathHeadingChanges:	17
minHeadingChanges:	16
