sx:	23
sy:	27
ex:	83
ey:	15
shortestPathLength:	93.4812
straightLineDistance:	61.188232
directness:	1.5277643
distanceCoverage:	0.5472842
minMapCoverage:	0.83612126
shortestPathHeadingChanges:	22
minHeadingChanges:	15
