sx:	23
sy:	20
ex:	18
ey:	46
shortestPathLength:	40.693703
straightLineDistance:	26.476404
directness:	1.5369799
distanceCoverage:	0.23681216
minMapCoverage:	0.36397555
shortestPathHeadingChanges:	13
minHeadingChanges:	11
