sx:	26
sy:	17
ex:	66
ey:	13
shortestPathLength:	44.761635
straightLineDistance:	40.1995
directness:	1.1134874
distanceCoverage:	0.35955527
minMapCoverage:	0.40036023
shortestPathHeadingChanges:	11
minHeadingChanges:	7
