sx:	28
sy:	25
ex:	79
ey:	6
shortestPathLength:	67.6153
straightLineDistance:	54.42426
directness:	1.2423743
distanceCoverage:	0.48678538
minMapCoverage:	0.60476965
shortestPathHeadingChanges:	16
minHeadingChanges:	9
