sx:	31
sy:	27
ex:	34
ey:	26
shortestPathLength:	3.4142137
straightLineDistance:	3.1622777
directness:	1.0796691
distanceCoverage:	0.028284272
minMapCoverage:	0.030537656
shortestPathHeadingChanges:	3
minHeadingChanges:	3
