sx:	32
sy:	36
ex:	71
ey:	14
shortestPathLength:	74.570885
straightLineDistance:	44.777225
directness:	1.6653752
distanceCoverage:	0.40049967
minMapCoverage:	0.6669823
shortestPathHeadingChanges:	18
minHeadingChanges:	12
