sx:	34
sy:	18
ex:	73
ey:	27
shortestPathLength:	43.20604
straightLineDistance:	40.024994
directness:	1.0794765
distanceCoverage:	0.35799444
minMapCoverage:	0.38644657
shortestPathHeadingChanges:	9
minHeadingChanges:	5
