sx:	36
sy:	45
ex:	61
ey:	13
shortestPathLength:	76.97035
straightLineDistance:	40.60788
directness:	1.8954536
distanceCoverage:	0.3632079
minMapCoverage:	0.6884438
shortestPathHeadingChanges:	21
minHeadingChanges:	13
