sx:	37
sy:	12
ex:	99
ey:	14
shortestPathLength:	81.92741
straightLineDistance:	62.03225
directness:	1.3207228
distanceCoverage:	0.5548333
minMapCoverage:	0.732781
shortestPathHeadingChanges:	20
minHeadingChanges:	12
