sx:	4
sy:	12
ex:	55
ey:	19
shortestPathLength:	61.14311
straightLineDistance:	51.47815
directness:	1.1877488
distanceCoverage:	0.46043456
minMapCoverage:	0.5468806
shortestPathHeadingChanges:	14
minHeadingChanges:	10
