sx:	41
sy:	26
ex:	16
ey:	7
shortestPathLength:	34.393795
straightLineDistance:	31.400637
directness:	1.0953215
distanceCoverage:	0.28085583
minMapCoverage:	0.30762747
shortestPathHeadingChanges:	8
minHeadingChanges:	7
