sx:	41
sy:	8
ex:	8
ey:	40
shortestPathLength:	64.38728
straightLineDistance:	45.96738
directness:	1.4007168
distanceCoverage:	0.41114476
minMapCoverage:	0.5758974
shortestPathHeadingChanges:	19
minHeadingChanges:	13
