sx:	48
sy:	5
ex:	39
ey:	18
shortestPathLength:	18.784748
straightLineDistance:	15.811388
directness:	1.1880518
distanceCoverage:	0.14142135
minMapCoverage:	0.1680159
shortestPathHeadingChanges:	7
minHeadingChanges:	6
