sx:	5
sy:	37
ex:	50
ey:	49
shortestPathLength:	61.703175
straightLineDistance:	46.572525
directness:	1.3248836
distanceCoverage:	0.41655734
minMapCoverage:	0.55188996
shortestPathHeadingChanges:	20
minHeadingChanges:	11
