sx:	50
sy:	18
ex:	6
ey:	45
shortestPathLength:	81.34379
straightLineDistance:	51.62364
directness:	1.5757082
distanceCoverage:	0.46173587
minMapCoverage:	0.72756094
shortestPathHeadingChanges:	23
minHeadingChanges:	16
