sx:	51
sy:	31
ex:	89
ey:	9
shortestPathLength:	58.17366
straightLineDistance:	43.908997
directness:	1.3248688
distanceCoverage:	0.39273402
minMapCoverage:	0.520321
shortestPathHeadingChanges:	14
minHeadingChanges:	9
