sx:	52
sy:	41
ex:	50
ey:	46
shortestPathLength:	13.57649
straightLineDistance:	5.3851647
directness:	2.521091
distanceCoverage:	0.04816638
minMapCoverage:	0.12143182
shortestPathHeadingChanges:	5
minHeadingChanges:	4
