sx:	55
sy:	15
ex:	90
ey:	36
shortestPathLength:	43.282494
straightLineDistance:	40.81666
directness:	1.0604124
distanceCoverage:	0.36507532
minMapCoverage:	0.38713038
shortestPathHeadingChanges:	5
minHeadingChanges:	5
