sx:	57
sy:	38
ex:	15
ey:	30
shortestPathLength:	60.702183
straightLineDistance:	42.755116
directness:	1.4197642
distanceCoverage:	0.3824134
minMapCoverage:	0.54293686
shortestPathHeadingChanges:	12
minHeadingChanges:	9
