sx:	58
sy:	3
ex:	61
ey:	43
shortestPathLength:	54.604248
straightLineDistance:	40.112343
directness:	1.361283
distanceCoverage:	0.3587757
minMapCoverage:	0.48839524
shortestPathHeadingChanges:	11
minHeadingChanges:	8
