sx:	59
sy:	12
ex:	38
ey:	14
shortestPathLength:	27.582909
straightLineDistance:	21.095022
directness:	1.3075553
distanceCoverage:	0.18867962
minMapCoverage:	0.24670903
shortestPathHeadingChanges:	7
minHeadingChanges:	6
