sx:	69
sy:	37
ex:	44
ey:	31
shortestPathLength:	29.505007
straightLineDistance:	25.70992
directness:	1.1476117
distanceCoverage:	0.22995652
minMapCoverage:	0.26390082
shortestPathHeadingChanges:	6
minHeadingChanges:	5
