sx:	70
sy:	12
ex:	83
ey:	22
shortestPathLength:	30.513212
straightLineDistance:	16.40122
directness:	1.8604233
distanceCoverage:	0.14669697
minMapCoverage:	0.27291846
shortestPathHeadingChanges:	9
minHeadingChanges:	7
