sx:	73
sy:	19
ex:	54
ey:	17
shortestPathLength:	22.441936
straightLineDistance:	19.104973
directness:	1.1746646
distanceCoverage:	0.17088008
minMapCoverage:	0.20072678
shortestPathHeadingChanges:	7
minHeadingChanges:	5
