sx:	74
sy:	15
ex:	62
ey:	19
shortestPathLength:	14.207638
straightLineDistance:	12.649111
directness:	1.1232123
distanceCoverage:	0.11313709
minMapCoverage:	0.12707698
shortestPathHeadingChanges:	3
minHeadingChanges:	3
