sx:	74
sy:	27
ex:	25
ey:	44
shortestPathLength:	86.52156
straightLineDistance:	51.86521
directness:	1.6682003
distanceCoverage:	0.46389654
minMapCoverage:	0.7738724
shortestPathHeadingChanges:	22
minHeadingChanges:	13
