sx:	75
sy:	47
ex:	18
ey:	36
shortestPathLength:	64.76579
straightLineDistance:	58.0517
directness:	1.1156571
distanceCoverage:	0.5192302
minMapCoverage:	0.5792829
shortestPathHeadingChanges:	19
minHeadingChanges:	12
