sx:	8
sy:	2
ex:	66
ey:	10
shortestPathLength:	81.25633
straightLineDistance:	58.549126
directness:	1.3878317
distanceCoverage:	0.5236793
minMapCoverage:	0.72677875
shortestPathHeadingChanges:	20
minHeadingChanges:	13
