sx:	80
sy:	19
ex:	87
ey:	35
shortestPathLength:	19.583204
straightLineDistance:	17.464249
directness:	1.1213311
distanceCoverage:	0.15620498
minMapCoverage:	0.1751575
shortestPathHeadingChanges:	6
minHeadingChanges:	4
