sx:	81
sy:	9
ex:	50
ey:	43
shortestPathLength:	83.717445
straightLineDistance:	46.010868
directness:	1.8195146
distanceCoverage:	0.4115337
minMapCoverage:	0.7487916
shortestPathHeadingChanges:	26
minHeadingChanges:	16
