sx:	84
sy:	46
ex:	48
ey:	17
shortestPathLength:	58.229767
straightLineDistance:	46.227695
directness:	1.2596295
distanceCoverage:	0.41347307
minMapCoverage:	0.5208229
shortestPathHeadingChanges:	16
minHeadingChanges:	11
