sx:	88
sy:	26
ex:	69
ey:	17
shortestPathLength:	27.54852
straightLineDistance:	21.023796
directness:	1.3103495
distanceCoverage:	0.18804255
minMapCoverage:	0.24640144
shortestPathHeadingChanges:	7
minHeadingChanges:	5
