sx:	88
sy:	41
ex:	7
ey:	38
shortestPathLength:	114.41718
straightLineDistance:	81.055534
directness:	1.41159
distanceCoverage:	0.72498274
minMapCoverage:	1.0233784
shortestPathHeadingChanges:	28
minHeadingChanges:	20
