sx:	9
sy:	18
ex:	94
ey:	16
shortestPathLength:	105.809525
straightLineDistance:	85.02353
directness:	1.2444735
distanceCoverage:	0.76047355
minMapCoverage:	0.94638914
shortestPathHeadingChanges:	24
minHeadingChanges:	15
