sx:	99
sy:	14
ex:	0
ey:	49
shortestPathLength:	146.02391
straightLineDistance:	105.00476
directness:	1.3906409
distanceCoverage:	0.93919116
minMapCoverage:	1.3060776
shortestPathHeadingChanges:	37
minHeadingChanges:	23
