sx:	99
sy:	5
ex:	23
ey:	2
shortestPathLength:	92.480515
straightLineDistance:	76.05919
directness:	1.215902
distanceCoverage:	0.6802941
minMapCoverage:	0.82717085
shortestPathHeadingChanges:	20
minHeadingChanges:	15
