sx:	102
sy:	88
ex:	36
ey:	77
shortestPathLength:	124.04605
straightLineDistance:	66.910385
directness:	1.8539133
distanceCoverage:	0.3791459
minMapCoverage:	0.70290357
shortestPathHeadingChanges:	16
minHeadingChanges:	6
