sx:	102
sy:	57
ex:	70
ey:	45
shortestPathLength:	35.202717
straightLineDistance:	34.176014
directness:	1.0300416
distanceCoverage:	0.19365746
minMapCoverage:	0.19947524
shortestPathHeadingChanges:	4
minHeadingChanges:	3
