sx:	104
sy:	85
ex:	84
ey:	53
shortestPathLength:	41.07464
straightLineDistance:	37.735924
directness:	1.0884757
distanceCoverage:	0.21382959
minMapCoverage:	0.23274833
shortestPathHeadingChanges:	5
minHeadingChanges:	3
