sx:	105
sy:	78
ex:	91
ey:	38
shortestPathLength:	43.267612
straightLineDistance:	42.379242
directness:	1.0209624
distanceCoverage:	0.24014083
minMapCoverage:	0.24517475
shortestPathHeadingChanges:	4
minHeadingChanges:	4
