sx:	108
sy:	95
ex:	89
ey:	15
shortestPathLength:	115.777466
straightLineDistance:	82.2253
directness:	1.4080515
distanceCoverage:	0.46592745
minMapCoverage:	0.65604985
shortestPathHeadingChanges:	9
minHeadingChanges:	6
