sx:	11
sy:	107
ex:	122
ey:	67
shortestPathLength:	151.59322
straightLineDistance:	117.98729
directness:	1.2848266
distanceCoverage:	0.66857177
minMapCoverage:	0.85899884
shortestPathHeadingChanges:	11
minHeadingChanges:	8
