sx:	114
sy:	3
ex:	109
ey:	18
shortestPathLength:	15.811388
straightLineDistance:	15.811388
directness:	1.0
distanceCoverage:	0.089594804
minMapCoverage:	0.089594804
shortestPathHeadingChanges:	2
minHeadingChanges:	2
