sx:	118
sy:	75
ex:	44
ey:	22
shortestPathLength:	96.29887
straightLineDistance:	91.02197
directness:	1.0579739
distanceCoverage:	0.51577353
minMapCoverage:	0.5456749
shortestPathHeadingChanges:	5
minHeadingChanges:	5
