sx:	12
sy:	102
ex:	66
ey:	9
shortestPathLength:	117.364525
straightLineDistance:	107.54069
directness:	1.09135
distanceCoverage:	0.6093764
minMapCoverage:	0.6650429
shortestPathHeadingChanges:	8
minHeadingChanges:	6
