sx:	122
sy:	13
ex:	106
ey:	72
shortestPathLength:	75.012535
straightLineDistance:	61.13101
directness:	1.2270783
distanceCoverage:	0.3463972
minMapCoverage:	0.4250565
shortestPathHeadingChanges:	8
minHeadingChanges:	5
