sx:	124
sy:	68
ex:	86
ey:	40
shortestPathLength:	47.52953
straightLineDistance:	47.201694
directness:	1.0069454
distanceCoverage:	0.2674671
minMapCoverage:	0.26932478
shortestPathHeadingChanges:	4
minHeadingChanges:	3
