sx:	128
sy:	10
ex:	16
ey:	78
shortestPathLength:	160.47745
straightLineDistance:	131.02672
directness:	1.2247689
distanceCoverage:	0.74245936
minMapCoverage:	0.9093411
shortestPathHeadingChanges:	12
minHeadingChanges:	9
