sx:	133
sy:	56
ex:	35
ey:	47
shortestPathLength:	102.58772
straightLineDistance:	98.4124
directness:	1.0424268
distanceCoverage:	0.55765116
minMapCoverage:	0.5813106
shortestPathHeadingChanges:	5
minHeadingChanges:	5
