sx:	18
sy:	100
ex:	111
ey:	29
shortestPathLength:	170.76686
straightLineDistance:	117.00427
directness:	1.4594926
distanceCoverage:	0.66300154
minMapCoverage:	0.96764576
shortestPathHeadingChanges:	11
minHeadingChanges:	8
