sx:	19
sy:	57
ex:	43
ey:	70
shortestPathLength:	27.301863
straightLineDistance:	27.294687
directness:	1.0002629
distanceCoverage:	0.1546646
minMapCoverage:	0.15470527
shortestPathHeadingChanges:	3
minHeadingChanges:	3
