sx:	22
sy:	49
ex:	133
ey:	63
shortestPathLength:	121.2953
straightLineDistance:	111.8794
directness:	1.0841612
distanceCoverage:	0.6339616
minMapCoverage:	0.68731654
shortestPathHeadingChanges:	13
minHeadingChanges:	7
