sx:	23
sy:	38
ex:	37
ey:	96
shortestPathLength:	92.581955
straightLineDistance:	59.665737
directness:	1.5516771
distanceCoverage:	0.3380943
minMapCoverage:	0.52461314
shortestPathHeadingChanges:	12
minHeadingChanges:	5
