sx:	26
sy:	25
ex:	13
ey:	101
shortestPathLength:	96.39371
straightLineDistance:	77.10383
directness:	1.2501806
distanceCoverage:	0.43690675
minMapCoverage:	0.5462123
shortestPathHeadingChanges:	7
minHeadingChanges:	5
