sx:	31
sy:	86
ex:	91
ey:	104
shortestPathLength:	115.05774
straightLineDistance:	62.641838
directness:	1.8367555
distanceCoverage:	0.35495827
minMapCoverage:	0.6519716
shortestPathHeadingChanges:	12
minHeadingChanges:	5
