sx:	31
sy:	86
ex:	93
ey:	98
shortestPathLength:	112.13889
straightLineDistance:	63.15061
directness:	1.7757373
distanceCoverage:	0.35784122
minMapCoverage:	0.635432
shortestPathHeadingChanges:	11
minHeadingChanges:	6
