sx:	35
sy:	32
ex:	47
ey:	81
shortestPathLength:	50.52462
straightLineDistance:	50.447994
directness:	1.001519
distanceCoverage:	0.28586218
minMapCoverage:	0.2862964
shortestPathHeadingChanges:	6
minHeadingChanges:	3
