sx:	36
sy:	107
ex:	29
ey:	45
shortestPathLength:	92.546074
straightLineDistance:	62.39391
directness:	1.4832549
distanceCoverage:	0.35355338
minMapCoverage:	0.52440983
shortestPathHeadingChanges:	11
minHeadingChanges:	6
