sx:	38
sy:	66
ex:	127
ey:	91
shortestPathLength:	97.936485
straightLineDistance:	92.44458
directness:	1.0594076
distanceCoverage:	0.5238347
minMapCoverage:	0.5549544
shortestPathHeadingChanges:	6
minHeadingChanges:	3
