sx:	41
sy:	102
ex:	113
ey:	99
shortestPathLength:	149.93854
straightLineDistance:	72.06247
directness:	2.0806744
distanceCoverage:	0.40834004
minMapCoverage:	0.84962267
shortestPathHeadingChanges:	13
minHeadingChanges:	7
