sx:	41
sy:	29
ex:	48
ey:	75
shortestPathLength:	48.434166
straightLineDistance:	46.52956
directness:	1.0409333
distanceCoverage:	0.2636585
minMapCoverage:	0.2744509
shortestPathHeadingChanges:	4
minHeadingChanges:	3
