sx:	42
sy:	47
ex:	35
ey:	14
shortestPathLength:	35.142403
straightLineDistance:	33.734257
directness:	1.0417423
distanceCoverage:	0.19115426
minMapCoverage:	0.19913347
shortestPathHeadingChanges:	3
minHeadingChanges:	3
