sx:	44
sy:	16
ex:	91
ey:	64
shortestPathLength:	72.18197
straightLineDistance:	67.17886
directness:	1.0744743
distanceCoverage:	0.3806672
minMapCoverage:	0.40901718
shortestPathHeadingChanges:	6
minHeadingChanges:	6
