sx:	46
sy:	33
ex:	35
ey:	83
shortestPathLength:	80.84561
straightLineDistance:	51.1957
directness:	1.5791484
distanceCoverage:	0.29009905
minMapCoverage:	0.45810947
shortestPathHeadingChanges:	10
minHeadingChanges:	5
