sx:	48
sy:	66
ex:	131
ey:	70
shortestPathLength:	89.28351
straightLineDistance:	83.09633
directness:	1.0744579
distanceCoverage:	0.4708631
minMapCoverage:	0.50592256
shortestPathHeadingChanges:	10
minHeadingChanges:	4
