sx:	57
sy:	28
ex:	54
ey:	77
shortestPathLength:	49.83194
straightLineDistance:	49.09175
directness:	1.0150777
distanceCoverage:	0.27817708
minMapCoverage:	0.28237134
shortestPathHeadingChanges:	4
minHeadingChanges:	3
