sx:	69
sy:	38
ex:	130
ey:	25
shortestPathLength:	81.159615
straightLineDistance:	62.369865
directness:	1.3012632
distanceCoverage:	0.35341716
minMapCoverage:	0.45988876
shortestPathHeadingChanges:	6
minHeadingChanges:	4
