sx:	70
sy:	102
ex:	130
ey:	36
shortestPathLength:	91.20497
straightLineDistance:	89.19641
directness:	1.0225184
distanceCoverage:	0.505429
minMapCoverage:	0.5168105
shortestPathHeadingChanges:	7
minHeadingChanges:	6
