sx:	72
sy:	63
ex:	127
ey:	94
shortestPathLength:	74.2013
straightLineDistance:	63.134777
directness:	1.1752841
distanceCoverage:	0.3577515
minMapCoverage:	0.42045966
shortestPathHeadingChanges:	5
minHeadingChanges:	5
