sx:	73
sy:	96
ex:	82
ey:	85
shortestPathLength:	16.422205
straightLineDistance:	14.21267
directness:	1.1554623
distanceCoverage:	0.08053571
minMapCoverage:	0.09305598
shortestPathHeadingChanges:	4
minHeadingChanges:	4
