sx:	76
sy:	58
ex:	52
ey:	46
shortestPathLength:	37.57444
straightLineDistance:	26.832815
directness:	1.4003167
distanceCoverage:	0.15204743
minMapCoverage:	0.21291454
shortestPathHeadingChanges:	5
minHeadingChanges:	3
