sx:	77
sy:	45
ex:	74
ey:	88
shortestPathLength:	46.476963
straightLineDistance:	43.104523
directness:	1.0782386
distanceCoverage:	0.24425061
minMapCoverage:	0.26336044
shortestPathHeadingChanges:	5
minHeadingChanges:	4
