sx:	86
sy:	103
ex:	111
ey:	21
shortestPathLength:	104.695526
straightLineDistance:	85.72631
directness:	1.2212765
distanceCoverage:	0.4857658
minMapCoverage:	0.5932544
shortestPathHeadingChanges:	7
minHeadingChanges:	5
