sx:	89
sy:	36
ex:	31
ey:	44
shortestPathLength:	59.478672
straightLineDistance:	58.549126
directness:	1.0158763
distanceCoverage:	0.33176702
minMapCoverage:	0.33703429
shortestPathHeadingChanges:	7
minHeadingChanges:	4
