sx:	89
sy:	92
ex:	111
ey:	19
shortestPathLength:	94.90013
straightLineDistance:	76.243034
directness:	1.2447056
distanceCoverage:	0.4320291
minMapCoverage:	0.537749
shortestPathHeadingChanges:	7
minHeadingChanges:	6
