sx:	90
sy:	19
ex:	35
ey:	11
shortestPathLength:	152.79045
straightLineDistance:	55.578773
directness:	2.7490792
distanceCoverage:	0.31493562
minMapCoverage:	0.8657829
shortestPathHeadingChanges:	10
minHeadingChanges:	7
