sx:	92
sy:	101
ex:	32
ey:	20
shortestPathLength:	102.7779
straightLineDistance:	100.80179
directness:	1.019604
distanceCoverage:	0.5711906
minMapCoverage:	0.58238816
shortestPathHeadingChanges:	8
minHeadingChanges:	4
