sx:	99
sy:	55
ex:	52
ey:	18
shortestPathLength:	59.96457
straightLineDistance:	59.816387
directness:	1.0024773
distanceCoverage:	0.33894792
minMapCoverage:	0.3397876
shortestPathHeadingChanges:	3
minHeadingChanges:	3
