sx:	0
sy:	305
ex:	4
ey:	919
shortestPathLength:	627.4035
straightLineDistance:	614.013
directness:	1.0218081
distanceCoverage:	0.61394393
minMapCoverage:	0.6273329
shortestPathHeadingChanges:	75
minHeadingChanges:	37
