sx:	0
sy:	513
ex:	4
ey:	917
shortestPathLength:	420.36832
straightLineDistance:	404.0198
directness:	1.0404646
distanceCoverage:	0.40397435
minMapCoverage:	0.42032105
shortestPathHeadingChanges:	52
minHeadingChanges:	27
