sx:	0
sy:	703
ex:	3
ey:	931
shortestPathLength:	231.33464
straightLineDistance:	228.01973
directness:	1.0145378
distanceCoverage:	0.22799408
minMapCoverage:	0.23130862
shortestPathHeadingChanges:	27
minHeadingChanges:	13
