sx:	1
sy:	247
ex:	10
ey:	783
shortestPathLength:	547.3875
straightLineDistance:	536.07556
directness:	1.0211014
distanceCoverage:	0.5360153
minMapCoverage:	0.54732597
shortestPathHeadingChanges:	71
minHeadingChanges:	32
