sx:	1
sy:	574
ex:	4
ey:	867
shortestPathLength:	296.21664
straightLineDistance:	293.01535
directness:	1.0109253
distanceCoverage:	0.2929824
minMapCoverage:	0.29618332
shortestPathHeadingChanges:	34
minHeadingChanges:	18
