sx:	1
sy:	611
ex:	12
ey:	29
shortestPathLength:	591.98114
straightLineDistance:	582.10394
directness:	1.0169681
distanceCoverage:	0.58203846
minMapCoverage:	0.59191453
shortestPathHeadingChanges:	67
minHeadingChanges:	35
