sx:	10
sy:	469
ex:	12
ey:	462
shortestPathLength:	16.5549
straightLineDistance:	7.28011
directness:	2.2739904
distanceCoverage:	0.0072792913
minMapCoverage:	0.016553037
shortestPathHeadingChanges:	5
minHeadingChanges:	4
