sx:	10
sy:	42
ex:	13
ey:	780
shortestPathLength:	749.768
straightLineDistance:	738.0061
directness:	1.0159374
distanceCoverage:	0.7379231
minMapCoverage:	0.7496837
shortestPathHeadingChanges:	86
minHeadingChanges:	45
