sx:	11
sy:	411
ex:	10
ey:	410
shortestPathLength:	1.4142135
straightLineDistance:	1.4142135
directness:	1.0
distanceCoverage:	0.0014140544
minMapCoverage:	0.0014140544
shortestPathHeadingChanges:	2
minHeadingChanges:	2
