sx:	11
sy:	737
ex:	10
ey:	565
shortestPathLength:	175.30356
straightLineDistance:	172.00291
directness:	1.0191895
distanceCoverage:	0.17198357
minMapCoverage:	0.17528383
shortestPathHeadingChanges:	22
minHeadingChanges:	13
