sx:	11
sy:	961
ex:	4
ey:	228
shortestPathLength:	746.1757
straightLineDistance:	733.03345
directness:	1.0179286
distanceCoverage:	0.732951
minMapCoverage:	0.7460918
shortestPathHeadingChanges:	84
minHeadingChanges:	42
