sx:	12
sy:	764
ex:	2
ey:	683
shortestPathLength:	82.7696
straightLineDistance:	81.61495
directness:	1.0141475
distanceCoverage:	0.08160577
minMapCoverage:	0.08276029
shortestPathHeadingChanges:	9
minHeadingChanges:	6
