sx:	12
sy:	797
ex:	15
ey:	206
shortestPathLength:	605.242
straightLineDistance:	591.0076
directness:	1.0240849
distanceCoverage:	0.59094113
minMapCoverage:	0.60517395
shortestPathHeadingChanges:	70
minHeadingChanges:	35
