sx:	13
sy:	179
ex:	6
ey:	65
shortestPathLength:	117.01195
straightLineDistance:	114.21471
directness:	1.0244911
distanceCoverage:	0.11420186
minMapCoverage:	0.116998784
shortestPathHeadingChanges:	17
minHeadingChanges:	11
