sx:	13
sy:	105
ex:	13
ey:	551
shortestPathLength:	453.10428
straightLineDistance:	446.0
directness:	1.0159289
distanceCoverage:	0.44594982
minMapCoverage:	0.45305333
shortestPathHeadingChanges:	51
minHeadingChanges:	26
