sx:	13
sy:	577
ex:	8
ey:	952
shortestPathLength:	381.66693
straightLineDistance:	375.03333
directness:	1.017688
distanceCoverage:	0.37499115
minMapCoverage:	0.381624
shortestPathHeadingChanges:	43
minHeadingChanges:	22
