sx:	13
sy:	778
ex:	5
ey:	22
shortestPathLength:	767.54694
straightLineDistance:	756.0423
directness:	1.015217
distanceCoverage:	0.75595725
minMapCoverage:	0.7674606
shortestPathHeadingChanges:	87
minHeadingChanges:	46
