sx:	13
sy:	821
ex:	11
ey:	416
shortestPathLength:	418.13107
straightLineDistance:	405.00494
directness:	1.0324098
distanceCoverage:	0.40495938
minMapCoverage:	0.41808406
shortestPathHeadingChanges:	53
minHeadingChanges:	25
