sx:	14
sy:	275
ex:	13
ey:	13
shortestPathLength:	264.33405
straightLineDistance:	262.00192
directness:	1.0089011
distanceCoverage:	0.26197246
minMapCoverage:	0.2643043
shortestPathHeadingChanges:	28
minHeadingChanges:	17
