sx:	14
sy:	747
ex:	6
ey:	483
shortestPathLength:	272.77203
straightLineDistance:	264.1212
directness:	1.0327533
distanceCoverage:	0.2640915
minMapCoverage:	0.27274135
shortestPathHeadingChanges:	35
minHeadingChanges:	20
