sx:	14
sy:	959
ex:	9
ey:	167
shortestPathLength:	806.9729
straightLineDistance:	792.0158
directness:	1.0188849
distanceCoverage:	0.79192674
minMapCoverage:	0.80688214
shortestPathHeadingChanges:	96
minHeadingChanges:	47
