sx:	15
sy:	201
ex:	6
ey:	819
shortestPathLength:	630.0337
straightLineDistance:	618.06555
directness:	1.0193639
distanceCoverage:	0.61799604
minMapCoverage:	0.6299628
shortestPathHeadingChanges:	72
minHeadingChanges:	37
