sx:	15
sy:	360
ex:	11
ey:	310
shortestPathLength:	50.526073
straightLineDistance:	50.159744
directness:	1.0073032
distanceCoverage:	0.0501541
minMapCoverage:	0.05052039
shortestPathHeadingChanges:	8
minHeadingChanges:	5
