sx:	15
sy:	596
ex:	1
ey:	742
shortestPathLength:	148.52403
straightLineDistance:	146.6697
directness:	1.012643
distanceCoverage:	0.14665319
minMapCoverage:	0.14850733
shortestPathHeadingChanges:	20
minHeadingChanges:	10
