sx:	15
sy:	64
ex:	3
ey:	85
shortestPathLength:	25.698793
straightLineDistance:	24.186773
directness:	1.0625143
distanceCoverage:	0.024184054
minMapCoverage:	0.025695903
shortestPathHeadingChanges:	5
minHeadingChanges:	5
