sx:	15
sy:	717
ex:	2
ey:	719
shortestPathLength:	13.178492
straightLineDistance:	13.152946
directness:	1.0019422
distanceCoverage:	0.013151467
minMapCoverage:	0.013177009
shortestPathHeadingChanges:	3
minHeadingChanges:	3
