sx:	2
sy:	112
ex:	9
ey:	416
shortestPathLength:	314.85477
straightLineDistance:	304.08057
directness:	1.0354321
distanceCoverage:	0.30404636
minMapCoverage:	0.31481937
shortestPathHeadingChanges:	41
minHeadingChanges:	21
