sx:	2
sy:	940
ex:	15
ey:	555
shortestPathLength:	390.0966
straightLineDistance:	385.21942
directness:	1.0126607
distanceCoverage:	0.3851761
minMapCoverage:	0.3900527
shortestPathHeadingChanges:	43
minHeadingChanges:	21
