sx:	3
sy:	141
ex:	7
ey:	751
shortestPathLength:	620.2957
straightLineDistance:	610.0131
directness:	1.0168563
distanceCoverage:	0.6099445
minMapCoverage:	0.62022597
shortestPathHeadingChanges:	70
minHeadingChanges:	34
