sx:	3
sy:	863
ex:	12
ey:	860
shortestPathLength:	9.688314
straightLineDistance:	9.486833
directness:	1.0212381
distanceCoverage:	0.009485765
minMapCoverage:	0.009687224
shortestPathHeadingChanges:	3
minHeadingChanges:	3
