sx:	4
sy:	143
ex:	15
ey:	862
shortestPathLength:	732.08716
straightLineDistance:	719.08417
directness:	1.0180827
distanceCoverage:	0.71900326
minMapCoverage:	0.7320048
shortestPathHeadingChanges:	84
minHeadingChanges:	42
