sx:	4
sy:	185
ex:	8
ey:	519
shortestPathLength:	339.64032
straightLineDistance:	334.02396
directness:	1.0168142
distanceCoverage:	0.3339864
minMapCoverage:	0.3396021
shortestPathHeadingChanges:	38
minHeadingChanges:	20
