sx:	4
sy:	453
ex:	7
ey:	493
shortestPathLength:	40.995945
straightLineDistance:	40.112343
directness:	1.0220282
distanceCoverage:	0.04010783
minMapCoverage:	0.040991332
shortestPathHeadingChanges:	7
minHeadingChanges:	4
