sx:	4
sy:	65
ex:	6
ey:	547
shortestPathLength:	493.50787
straightLineDistance:	482.00415
directness:	1.0238664
distanceCoverage:	0.48194993
minMapCoverage:	0.49345237
shortestPathHeadingChanges:	59
minHeadingChanges:	31
