sx:	5
sy:	147
ex:	6
ey:	282
shortestPathLength:	136.64456
straightLineDistance:	135.00371
directness:	1.0121541
distanceCoverage:	0.13498852
minMapCoverage:	0.1366292
shortestPathHeadingChanges:	16
minHeadingChanges:	9
