sx:	6
sy:	130
ex:	11
ey:	309
shortestPathLength:	180.59407
straightLineDistance:	179.06982
directness:	1.008512
distanceCoverage:	0.17904969
minMapCoverage:	0.18057376
shortestPathHeadingChanges:	19
minHeadingChanges:	10
