sx:	6
sy:	2
ex:	1
ey:	727
shortestPathLength:	736.61237
straightLineDistance:	725.0172
directness:	1.0159929
distanceCoverage:	0.72493565
minMapCoverage:	0.7365295
shortestPathHeadingChanges:	91
minHeadingChanges:	46
