sx:	6
sy:	323
ex:	14
ey:	538
shortestPathLength:	220.45055
straightLineDistance:	215.14879
directness:	1.0246422
distanceCoverage:	0.21512459
minMapCoverage:	0.22042575
shortestPathHeadingChanges:	28
minHeadingChanges:	16
