sx:	6
sy:	696
ex:	13
ey:	186
shortestPathLength:	523.3682
straightLineDistance:	510.04803
directness:	1.0261155
distanceCoverage:	0.5099907
minMapCoverage:	0.52330935
shortestPathHeadingChanges:	64
minHeadingChanges:	33
