sx:	6
sy:	839
ex:	7
ey:	858
shortestPathLength:	20.485281
straightLineDistance:	19.026299
directness:	1.0766824
distanceCoverage:	0.019024158
minMapCoverage:	0.020482976
shortestPathHeadingChanges:	6
minHeadingChanges:	4
