sx:	7
sy:	348
ex:	1
ey:	332
shortestPathLength:	17.317822
straightLineDistance:	17.088007
directness:	1.0134488
distanceCoverage:	0.017086085
minMapCoverage:	0.017315874
shortestPathHeadingChanges:	4
minHeadingChanges:	4
