sx:	7
sy:	371
ex:	3
ey:	878
shortestPathLength:	516.49115
straightLineDistance:	507.01578
directness:	1.0186886
distanceCoverage:	0.5069587
minMapCoverage:	0.51643306
shortestPathHeadingChanges:	64
minHeadingChanges:	32
