sx:	7
sy:	746
ex:	15
ey:	408
shortestPathLength:	353.3118
straightLineDistance:	338.09467
directness:	1.0450085
distanceCoverage:	0.33805662
minMapCoverage:	0.35327205
shortestPathHeadingChanges:	44
minHeadingChanges:	23
