sx:	7
sy:	858
ex:	7
ey:	831
shortestPathLength:	30.052555
straightLineDistance:	27.0
directness:	1.1130576
distanceCoverage:	0.026996963
minMapCoverage:	0.030049175
shortestPathHeadingChanges:	9
minHeadingChanges:	5
