sx:	7
sy:	971
ex:	1
ey:	992
shortestPathLength:	22.132921
straightLineDistance:	21.84033
directness:	1.0133969
distanceCoverage:	0.021837873
minMapCoverage:	0.022130432
shortestPathHeadingChanges:	3
minHeadingChanges:	3
