sx:	8
sy:	468
ex:	15
ey:	478
shortestPathLength:	12.255833
straightLineDistance:	12.206555
directness:	1.0040369
distanceCoverage:	0.012205183
minMapCoverage:	0.012254454
shortestPathHeadingChanges:	5
minHeadingChanges:	3
