sx:	9
sy:	405
ex:	13
ey:	315
shortestPathLength:	93.048096
straightLineDistance:	90.088844
directness:	1.0328481
distanceCoverage:	0.09007871
minMapCoverage:	0.09303763
shortestPathHeadingChanges:	11
minHeadingChanges:	9
