sx:	9
sy:	462
ex:	12
ey:	177
shortestPathLength:	290.84436
straightLineDistance:	285.01578
directness:	1.02045
distanceCoverage:	0.28498372
minMapCoverage:	0.29081166
shortestPathHeadingChanges:	37
minHeadingChanges:	20
