sx:	9
sy:	66
ex:	6
ey:	983
shortestPathLength:	929.7594
straightLineDistance:	917.0049
directness:	1.0139089
distanceCoverage:	0.91690177
minMapCoverage:	0.92965484
shortestPathHeadingChanges:	103
minHeadingChanges:	53
