sx:	13
sy:	1
ex:	15
ey:	4
shortestPathLength:	4.236068
straightLineDistance:	3.6055512
directness:	1.1748738
distanceCoverage:	0.17267458
minMapCoverage:	0.20287085
shortestPathHeadingChanges:	3
minHeadingChanges:	3
