sx:	15
sy:	3
ex:	10
ey:	6
shortestPathLength:	7.1622777
straightLineDistance:	5.8309517
directness:	1.2283205
distanceCoverage:	0.27925193
minMapCoverage:	0.34301087
shortestPathHeadingChanges:	3
minHeadingChanges:	3
