sx:	18
sy:	3
ex:	19
ey:	5
shortestPathLength:	2.4142137
straightLineDistance:	2.236068
directness:	1.0796691
distanceCoverage:	0.10708823
minMapCoverage:	0.11561986
shortestPathHeadingChanges:	3
minHeadingChanges:	3
