sx:	18
sy:	7
ex:	58
ey:	19
shortestPathLength:	43.468296
straightLineDistance:	41.761227
directness:	1.0408769
distanceCoverage:	0.4095025
minMapCoverage:	0.4262417
shortestPathHeadingChanges:	5
minHeadingChanges:	4
