sx:	20
sy:	0
ex:	76
ey:	20
shortestPathLength:	59.546112
straightLineDistance:	59.464275
directness:	1.0013763
distanceCoverage:	0.5830952
minMapCoverage:	0.58389765
shortestPathHeadingChanges:	4
minHeadingChanges:	3
