sx:	20
sy:	8
ex:	73
ey:	18
shortestPathLength:	54.041096
straightLineDistance:	53.935146
directness:	1.0019643
distanceCoverage:	0.5288776
minMapCoverage:	0.5299165
shortestPathHeadingChanges:	4
minHeadingChanges:	3
