sx:	3
sy:	20
ex:	39
ey:	0
shortestPathLength:	41.272255
straightLineDistance:	41.18252
directness:	1.0021789
distanceCoverage:	0.40382785
minMapCoverage:	0.40470776
shortestPathHeadingChanges:	3
minHeadingChanges:	3
