sx:	31
sy:	11
ex:	5
ey:	16
shortestPathLength:	26.522707
straightLineDistance:	26.476404
directness:	1.0017488
distanceCoverage:	0.25962248
minMapCoverage:	0.26007652
shortestPathHeadingChanges:	4
minHeadingChanges:	3
