sx:	38
sy:	18
ex:	64
ey:	0
shortestPathLength:	32.185204
straightLineDistance:	31.622776
directness:	1.0177855
distanceCoverage:	0.31008682
minMapCoverage:	0.3156019
shortestPathHeadingChanges:	5
minHeadingChanges:	3
