sx:	40
sy:	6
ex:	10
ey:	11
shortestPathLength:	30.681541
straightLineDistance:	30.413813
directness:	1.0088029
distanceCoverage:	0.29823196
minMapCoverage:	0.30085725
shortestPathHeadingChanges:	3
minHeadingChanges:	3
