sx:	42
sy:	8
ex:	95
ey:	20
shortestPathLength:	54.50058
straightLineDistance:	54.34151
directness:	1.0029272
distanceCoverage:	0.53286237
minMapCoverage:	0.53442216
shortestPathHeadingChanges:	4
minHeadingChanges:	3
