sx:	43
sy:	8
ex:	3
ey:	3
shortestPathLength:	40.345562
straightLineDistance:	40.311287
directness:	1.0008502
distanceCoverage:	0.39528468
minMapCoverage:	0.39562076
shortestPathHeadingChanges:	3
minHeadingChanges:	3
