sx:	53
sy:	8
ex:	38
ey:	13
shortestPathLength:	16.045858
straightLineDistance:	15.811388
directness:	1.0148292
distanceCoverage:	0.15504341
minMapCoverage:	0.15734258
shortestPathHeadingChanges:	4
minHeadingChanges:	3
