sx:	57
sy:	18
ex:	20
ey:	12
shortestPathLength:	37.995148
straightLineDistance:	37.48333
directness:	1.0136546
distanceCoverage:	0.36755428
minMapCoverage:	0.37257308
shortestPathHeadingChanges:	5
minHeadingChanges:	3
