sx:	67
sy:	10
ex:	51
ey:	6
shortestPathLength:	16.770329
straightLineDistance:	16.492422
directness:	1.0168506
distanceCoverage:	0.1617215
minMapCoverage:	0.16444659
shortestPathHeadingChanges:	3
minHeadingChanges:	3
