sx:	67
sy:	11
ex:	43
ey:	13
shortestPathLength:	25.286308
straightLineDistance:	24.083189
directness:	1.0499568
distanceCoverage:	0.2361551
minMapCoverage:	0.24795264
shortestPathHeadingChanges:	6
minHeadingChanges:	3
