sx:	68
sy:	11
ex:	40
ey:	18
shortestPathLength:	28.943838
straightLineDistance:	28.86174
directness:	1.0028446
distanceCoverage:	0.28301263
minMapCoverage:	0.28381768
shortestPathHeadingChanges:	4
minHeadingChanges:	3
