sx:	70
sy:	15
ex:	15
ey:	8
shortestPathLength:	56.363453
straightLineDistance:	55.443665
directness:	1.0165896
distanceCoverage:	0.5436698
minMapCoverage:	0.55268914
shortestPathHeadingChanges:	5
minHeadingChanges:	4
