sx:	83
sy:	10
ex:	48
ey:	13
shortestPathLength:	35.203606
straightLineDistance:	35.128338
directness:	1.0021427
distanceCoverage:	0.34446168
minMapCoverage:	0.34519973
shortestPathHeadingChanges:	3
minHeadingChanges:	3
