sx:	91
sy:	4
ex:	31
ey:	0
shortestPathLength:	60.550762
straightLineDistance:	60.133186
directness:	1.0069442
distanceCoverage:	0.5896544
minMapCoverage:	0.59374905
shortestPathHeadingChanges:	5
minHeadingChanges:	3
