sx:	93
sy:	16
ex:	17
ey:	19
shortestPathLength:	76.13608
straightLineDistance:	76.05919
directness:	1.0010109
distanceCoverage:	0.7458217
minMapCoverage:	0.74657565
shortestPathHeadingChanges:	4
minHeadingChanges:	3
