sx:	97
sy:	20
ex:	42
ey:	6
shortestPathLength:	56.899696
straightLineDistance:	56.753853
directness:	1.0025698
distanceCoverage:	0.5565173
minMapCoverage:	0.5579474
shortestPathHeadingChanges:	4
minHeadingChanges:	3
