sx:	98
sy:	20
ex:	82
ey:	2
shortestPathLength:	24.867956
straightLineDistance:	24.083189
directness:	1.0325857
distanceCoverage:	0.2361551
minMapCoverage:	0.24385037
shortestPathHeadingChanges:	5
minHeadingChanges:	3
