sx:	0
sy:	40
ex:	28
ey:	33
shortestPathLength:	29.225897
straightLineDistance:	28.86174
directness:	1.0126172
distanceCoverage:	0.40816665
minMapCoverage:	0.4133166
shortestPathHeadingChanges:	6
minHeadingChanges:	3
