sx:	1
sy:	17
ex:	26
ey:	33
shortestPathLength:	30.733826
straightLineDistance:	29.681644
directness:	1.0354489
distanceCoverage:	0.41976184
minMapCoverage:	0.43464193
shortestPathHeadingChanges:	3
minHeadingChanges:	3
