sx:	11
sy:	39
ex:	22
ey:	17
shortestPathLength:	24.845224
straightLineDistance:	24.596748
directness:	1.010102
distanceCoverage:	0.34785056
minMapCoverage:	0.35136452
shortestPathHeadingChanges:	4
minHeadingChanges:	3
