sx:	14
sy:	22
ex:	26
ey:	21
shortestPathLength:	12.071068
straightLineDistance:	12.0415945
directness:	1.0024476
distanceCoverage:	0.17029387
minMapCoverage:	0.17071068
shortestPathHeadingChanges:	3
minHeadingChanges:	3
