sx:	15
sy:	16
ex:	17
ey:	42
shortestPathLength:	27.530447
straightLineDistance:	26.076809
directness:	1.0557445
distanceCoverage:	0.36878178
minMapCoverage:	0.38933933
shortestPathHeadingChanges:	7
minHeadingChanges:	4
