sx:	15
sy:	33
ex:	20
ey:	49
shortestPathLength:	17.338596
straightLineDistance:	16.763054
directness:	1.034334
distanceCoverage:	0.23706537
minMapCoverage:	0.24520478
shortestPathHeadingChanges:	6
minHeadingChanges:	3
