sx:	15
sy:	5
ex:	38
ey:	24
shortestPathLength:	30.58623
straightLineDistance:	29.832869
directness:	1.0252527
distanceCoverage:	0.42190048
minMapCoverage:	0.4325546
shortestPathHeadingChanges:	3
minHeadingChanges:	3
