sx:	16
sy:	29
ex:	6
ey:	8
shortestPathLength:	23.459146
straightLineDistance:	23.259407
directness:	1.0085875
distanceCoverage:	0.32893768
minMapCoverage:	0.33176243
shortestPathHeadingChanges:	4
minHeadingChanges:	3
