sx:	16
sy:	44
ex:	47
ey:	28
shortestPathLength:	43.01937
straightLineDistance:	34.88553
directness:	1.2331581
distanceCoverage:	0.49335587
minMapCoverage:	0.6083858
shortestPathHeadingChanges:	9
minHeadingChanges:	6
