sx:	19
sy:	13
ex:	4
ey:	45
shortestPathLength:	35.582115
straightLineDistance:	35.341194
directness:	1.006817
distanceCoverage:	0.49979997
minMapCoverage:	0.5032071
shortestPathHeadingChanges:	5
minHeadingChanges:	4
