sx:	19
sy:	30
ex:	48
ey:	22
shortestPathLength:	30.346252
straightLineDistance:	30.083218
directness:	1.0087435
distanceCoverage:	0.42544094
minMapCoverage:	0.4291608
shortestPathHeadingChanges:	3
minHeadingChanges:	3
