sx:	19
sy:	5
ex:	43
ey:	46
shortestPathLength:	49.87513
straightLineDistance:	47.507893
directness:	1.0498283
distanceCoverage:	0.6718631
minMapCoverage:	0.70534086
shortestPathHeadingChanges:	4
minHeadingChanges:	3
