sx:	22
sy:	4
ex:	31
ey:	49
shortestPathLength:	46.48915
straightLineDistance:	45.891174
directness:	1.0130303
distanceCoverage:	0.6489992
minMapCoverage:	0.65745586
shortestPathHeadingChanges:	5
minHeadingChanges:	4
