sx:	26
sy:	33
ex:	45
ey:	5
shortestPathLength:	36.385067
straightLineDistance:	33.83785
directness:	1.0752772
distanceCoverage:	0.47853944
minMapCoverage:	0.51456255
shortestPathHeadingChanges:	7
minHeadingChanges:	5
