sx:	26
sy:	40
ex:	2
ey:	25
shortestPathLength:	29.281603
straightLineDistance:	28.301943
directness:	1.0346146
distanceCoverage:	0.40024993
minMapCoverage:	0.4141044
shortestPathHeadingChanges:	5
minHeadingChanges:	4
