sx:	26
sy:	7
ex:	37
ey:	39
shortestPathLength:	34.297592
straightLineDistance:	33.83785
directness:	1.0135866
distanceCoverage:	0.47853944
minMapCoverage:	0.4850412
shortestPathHeadingChanges:	4
minHeadingChanges:	3
