sx:	28
sy:	11
ex:	43
ey:	20
shortestPathLength:	18.305574
straightLineDistance:	17.492855
directness:	1.04646
distanceCoverage:	0.24738634
minMapCoverage:	0.25887993
shortestPathHeadingChanges:	4
minHeadingChanges:	4
