sx:	30
sy:	49
ex:	25
ey:	39
shortestPathLength:	11.271515
straightLineDistance:	11.18034
directness:	1.008155
distanceCoverage:	0.15811388
minMapCoverage:	0.1594033
shortestPathHeadingChanges:	4
minHeadingChanges:	3
