sx:	31
sy:	7
ex:	44
ey:	0
shortestPathLength:	31.95897
straightLineDistance:	14.764823
directness:	2.1645346
distanceCoverage:	0.20880613
minMapCoverage:	0.45196807
shortestPathHeadingChanges:	6
minHeadingChanges:	5
