sx:	33
sy:	3
ex:	12
ey:	16
shortestPathLength:	24.979288
straightLineDistance:	24.698177
directness:	1.0113819
distanceCoverage:	0.34928498
minMapCoverage:	0.3532605
shortestPathHeadingChanges:	4
minHeadingChanges:	4
