sx:	37
sy:	19
ex:	5
ey:	25
shortestPathLength:	35.691406
straightLineDistance:	32.55764
directness:	1.0962529
distanceCoverage:	0.46043456
minMapCoverage:	0.5047527
shortestPathHeadingChanges:	6
minHeadingChanges:	4
