sx:	37
sy:	21
ex:	11
ey:	18
shortestPathLength:	29.851234
straightLineDistance:	26.172504
directness:	1.140557
distanceCoverage:	0.3701351
minMapCoverage:	0.4221602
shortestPathHeadingChanges:	7
minHeadingChanges:	3
