sx:	38
sy:	8
ex:	48
ey:	45
shortestPathLength:	40.48914
straightLineDistance:	38.327538
directness:	1.0563982
distanceCoverage:	0.54203326
minMapCoverage:	0.5726029
shortestPathHeadingChanges:	7
minHeadingChanges:	4
