sx:	41
sy:	16
ex:	22
ey:	41
shortestPathLength:	33.8231
straightLineDistance:	31.400637
directness:	1.077147
distanceCoverage:	0.44407207
minMapCoverage:	0.47833088
shortestPathHeadingChanges:	7
minHeadingChanges:	4
