sx:	41
sy:	15
ex:	31
ey:	24
shortestPathLength:	16.245165
straightLineDistance:	13.453624
directness:	1.2074937
distanceCoverage:	0.19026297
minMapCoverage:	0.22974132
shortestPathHeadingChanges:	5
minHeadingChanges:	3
