sx:	43
sy:	14
ex:	29
ey:	3
shortestPathLength:	18.038404
straightLineDistance:	17.804493
directness:	1.0131378
distanceCoverage:	0.25179356
minMapCoverage:	0.25510156
shortestPathHeadingChanges:	3
minHeadingChanges:	3
