sx:	44
sy:	15
ex:	15
ey:	4
shortestPathLength:	31.354057
straightLineDistance:	31.016125
directness:	1.0108954
distanceCoverage:	0.43863425
minMapCoverage:	0.44341332
shortestPathHeadingChanges:	5
minHeadingChanges:	3
