sx:	45
sy:	7
ex:	30
ey:	40
shortestPathLength:	36.696144
straightLineDistance:	36.249138
directness:	1.0123315
distanceCoverage:	0.51264024
minMapCoverage:	0.51896185
shortestPathHeadingChanges:	9
minHeadingChanges:	5
