sx:	47
sy:	36
ex:	11
ey:	2
shortestPathLength:	58.162544
straightLineDistance:	49.517673
directness:	1.1745815
distanceCoverage:	0.7002857
minMapCoverage:	0.8225426
shortestPathHeadingChanges:	10
minHeadingChanges:	6
