sx:	49
sy:	39
ex:	26
ey:	41
shortestPathLength:	26.958347
straightLineDistance:	23.086792
directness:	1.1676956
distanceCoverage:	0.32649654
minMapCoverage:	0.3812486
shortestPathHeadingChanges:	7
minHeadingChanges:	4
