sx:	7
sy:	46
ex:	16
ey:	33
shortestPathLength:	17.999657
straightLineDistance:	15.811388
directness:	1.1383983
distanceCoverage:	0.2236068
minMapCoverage:	0.2545536
shortestPathHeadingChanges:	3
minHeadingChanges:	3
