sx:	1
sy:	21
ex:	27
ey:	37
shortestPathLength:	57.508648
straightLineDistance:	30.528675
directness:	1.8837584
distanceCoverage:	0.43174067
minMapCoverage:	0.8132951
shortestPathHeadingChanges:	14
minHeadingChanges:	11
