sx:	1
sy:	43
ex:	7
ey:	28
shortestPathLength:	30.176329
straightLineDistance:	16.155495
directness:	1.8678678
distanceCoverage:	0.2284732
minMapCoverage:	0.42675772
shortestPathHeadingChanges:	6
minHeadingChanges:	5
