sx:	13
sy:	17
ex:	12
ey:	49
shortestPathLength:	42.661415
straightLineDistance:	32.01562
directness:	1.3325187
distanceCoverage:	0.45276925
minMapCoverage:	0.6033235
shortestPathHeadingChanges:	14
minHeadingChanges:	9
