sx:	15
sy:	12
ex:	48
ey:	50
shortestPathLength:	60.669926
straightLineDistance:	50.32892
directness:	1.2054685
distanceCoverage:	0.7117584
minMapCoverage:	0.8580023
shortestPathHeadingChanges:	17
minHeadingChanges:	12
