sx:	17
sy:	10
ex:	12
ey:	30
shortestPathLength:	39.2434
straightLineDistance:	20.615528
directness:	1.9035845
distanceCoverage:	0.2915476
minMapCoverage:	0.55498546
shortestPathHeadingChanges:	8
minHeadingChanges:	7
