sx:	17
sy:	14
ex:	33
ey:	23
shortestPathLength:	39.187008
straightLineDistance:	18.35756
directness:	2.1346524
distanceCoverage:	0.2596151
minMapCoverage:	0.55418795
shortestPathHeadingChanges:	13
minHeadingChanges:	10
