sx:	18
sy:	16
ex:	29
ey:	23
shortestPathLength:	39.540363
straightLineDistance:	13.038404
directness:	3.0326076
distanceCoverage:	0.18439089
minMapCoverage:	0.5591852
shortestPathHeadingChanges:	14
minHeadingChanges:	9
