sx:	19
sy:	29
ex:	20
ey:	39
shortestPathLength:	10.236068
straightLineDistance:	10.049875
directness:	1.0185268
distanceCoverage:	0.1421267
minMapCoverage:	0.14475986
shortestPathHeadingChanges:	3
minHeadingChanges:	3
