sx:	24
sy:	19
ex:	30
ey:	0
shortestPathLength:	103.59709
straightLineDistance:	19.924858
directness:	5.199389
distanceCoverage:	0.28178003
minMapCoverage:	1.4650841
shortestPathHeadingChanges:	28
minHeadingChanges:	19
