sx:	26
sy:	26
ex:	37
ey:	35
shortestPathLength:	14.953369
straightLineDistance:	14.21267
directness:	1.0521154
distanceCoverage:	0.20099752
minMapCoverage:	0.21147257
shortestPathHeadingChanges:	6
minHeadingChanges:	3
