sx:	27
sy:	32
ex:	41
ey:	40
shortestPathLength:	16.688597
straightLineDistance:	16.124516
directness:	1.0349828
distanceCoverage:	0.22803509
minMapCoverage:	0.2360124
shortestPathHeadingChanges:	4
minHeadingChanges:	4
