sx:	27
sy:	40
ex:	26
ey:	13
shortestPathLength:	43.733295
straightLineDistance:	27.018513
directness:	1.6186419
distanceCoverage:	0.38209948
minMapCoverage:	0.6184822
shortestPathHeadingChanges:	12
minHeadingChanges:	9
