sx:	27
sy:	7
ex:	38
ey:	8
shortestPathLength:	12.285383
straightLineDistance:	11.045361
directness:	1.1122664
distanceCoverage:	0.15620498
minMapCoverage:	0.17374155
shortestPathHeadingChanges:	6
minHeadingChanges:	5
