sx:	3
sy:	13
ex:	21
ey:	10
shortestPathLength:	22.236069
straightLineDistance:	18.248287
directness:	1.2185291
distanceCoverage:	0.25806975
minMapCoverage:	0.3144655
shortestPathHeadingChanges:	4
minHeadingChanges:	4
