sx:	32
sy:	26
ex:	15
ey:	44
shortestPathLength:	30.058283
straightLineDistance:	24.758837
directness:	1.2140427
distanceCoverage:	0.35014284
minMapCoverage:	0.42508832
shortestPathHeadingChanges:	7
minHeadingChanges:	5
