sx:	33
sy:	8
ex:	41
ey:	31
shortestPathLength:	43.936962
straightLineDistance:	24.351591
directness:	1.8042748
distanceCoverage:	0.3443835
minMapCoverage:	0.62136245
shortestPathHeadingChanges:	11
minHeadingChanges:	8
