sx:	34
sy:	1
ex:	42
ey:	22
shortestPathLength:	124.9239
straightLineDistance:	22.472204
directness:	5.5590405
distanceCoverage:	0.31780496
minMapCoverage:	1.7666907
shortestPathHeadingChanges:	37
minHeadingChanges:	27
