sx:	34
sy:	26
ex:	46
ey:	22
shortestPathLength:	27.104513
straightLineDistance:	12.649111
directness:	2.1427999
distanceCoverage:	0.17888544
minMapCoverage:	0.3833157
shortestPathHeadingChanges:	9
minHeadingChanges:	6
