sx:	34
sy:	8
ex:	47
ey:	38
shortestPathLength:	47.627834
straightLineDistance:	32.695564
directness:	1.4567063
distanceCoverage:	0.46238512
minMapCoverage:	0.6735593
shortestPathHeadingChanges:	10
minHeadingChanges:	8
