sx:	35
sy:	14
ex:	1
ey:	40
shortestPathLength:	67.43829
straightLineDistance:	42.80187
directness:	1.5755923
distanceCoverage:	0.60530984
minMapCoverage:	0.95372146
shortestPathHeadingChanges:	20
minHeadingChanges:	10
