sx:	36
sy:	1
ex:	21
ey:	20
shortestPathLength:	87.806526
straightLineDistance:	24.207438
directness:	3.627254
distanceCoverage:	0.34234485
minMapCoverage:	1.2417718
shortestPathHeadingChanges:	25
minHeadingChanges:	16
