sx:	37
sy:	39
ex:	25
ey:	49
shortestPathLength:	22.136099
straightLineDistance:	15.6205
directness:	1.4171185
distanceCoverage:	0.22090723
minMapCoverage:	0.3130517
shortestPathHeadingChanges:	8
minHeadingChanges:	6
