sx:	38
sy:	38
ex:	14
ey:	11
shortestPathLength:	45.10007
straightLineDistance:	36.124783
directness:	1.2484524
distanceCoverage:	0.5108816
minMapCoverage:	0.6378113
shortestPathHeadingChanges:	15
minHeadingChanges:	11
