sx:	38
sy:	36
ex:	41
ey:	6
shortestPathLength:	45.35475
straightLineDistance:	30.149628
directness:	1.5043222
distanceCoverage:	0.42638013
minMapCoverage:	0.64141303
shortestPathHeadingChanges:	9
minHeadingChanges:	7
