sx:	41
sy:	24
ex:	33
ey:	20
shortestPathLength:	9.738769
straightLineDistance:	8.944272
directness:	1.0888274
distanceCoverage:	0.12649111
minMapCoverage:	0.13772699
shortestPathHeadingChanges:	5
minHeadingChanges:	5
