sx:	41
sy:	9
ex:	13
ey:	2
shortestPathLength:	93.79786
straightLineDistance:	28.86174
directness:	3.2499032
distanceCoverage:	0.40816665
minMapCoverage:	1.3265021
shortestPathHeadingChanges:	27
minHeadingChanges:	16
