sx:	42
sy:	0
ex:	32
ey:	37
shortestPathLength:	48.499367
straightLineDistance:	38.327538
directness:	1.2653922
distanceCoverage:	0.54203326
minMapCoverage:	0.6858846
shortestPathHeadingChanges:	11
minHeadingChanges:	7
