sx:	42
sy:	11
ex:	22
ey:	38
shortestPathLength:	65.26261
straightLineDistance:	33.600594
directness:	1.9423053
distanceCoverage:	0.47518414
minMapCoverage:	0.9229527
shortestPathHeadingChanges:	14
minHeadingChanges:	10
