sx:	44
sy:	42
ex:	11
ey:	38
shortestPathLength:	40.42503
straightLineDistance:	33.24154
directness:	1.2160999
distanceCoverage:	0.47010636
minMapCoverage:	0.5716963
shortestPathHeadingChanges:	13
minHeadingChanges:	7
