sx:	45
sy:	19
ex:	13
ey:	24
shortestPathLength:	52.477856
straightLineDistance:	32.38827
directness:	1.6202735
distanceCoverage:	0.4580393
minMapCoverage:	0.74214894
shortestPathHeadingChanges:	17
minHeadingChanges:	10
