sx:	45
sy:	36
ex:	19
ey:	13
shortestPathLength:	50.069218
straightLineDistance:	34.713108
directness:	1.4423721
distanceCoverage:	0.49091747
minMapCoverage:	0.70808566
shortestPathHeadingChanges:	15
minHeadingChanges:	10
