sx:	48
sy:	50
ex:	45
ey:	19
shortestPathLength:	33.81978
straightLineDistance:	31.144823
directness:	1.0858877
distanceCoverage:	0.4404543
minMapCoverage:	0.47828388
shortestPathHeadingChanges:	7
minHeadingChanges:	6
