sx:	5
sy:	34
ex:	16
ey:	20
shortestPathLength:	39.900715
straightLineDistance:	17.804493
directness:	2.2410476
distanceCoverage:	0.25179356
minMapCoverage:	0.56428134
shortestPathHeadingChanges:	14
minHeadingChanges:	6
