sx:	5
sy:	39
ex:	44
ey:	17
shortestPathLength:	65.50662
straightLineDistance:	44.777225
directness:	1.4629451
distanceCoverage:	0.6332456
minMapCoverage:	0.9264035
shortestPathHeadingChanges:	15
minHeadingChanges:	11
