sx:	6
sy:	32
ex:	13
ey:	41
shortestPathLength:	11.788289
straightLineDistance:	11.401754
directness:	1.0339013
distanceCoverage:	0.16124515
minMapCoverage:	0.16671158
shortestPathHeadingChanges:	3
minHeadingChanges:	3
