sx:	9
sy:	31
ex:	25
ey:	35
shortestPathLength:	31.742775
straightLineDistance:	16.492422
directness:	1.9246885
distanceCoverage:	0.23323807
minMapCoverage:	0.44891062
shortestPathHeadingChanges:	10
minHeadingChanges:	7
