sx:	9
sy:	9
ex:	7
ey:	19
shortestPathLength:	17.433979
straightLineDistance:	10.198039
directness:	1.7095423
distanceCoverage:	0.14422205
minMapCoverage:	0.24655369
shortestPathHeadingChanges:	5
minHeadingChanges:	5
