sx:	1
sy:	3
ex:	15
ey:	6
shortestPathLength:	16.407318
straightLineDistance:	14.3178215
directness:	1.1459367
distanceCoverage:	0.6856993
minMapCoverage:	0.78576803
shortestPathHeadingChanges:	7
minHeadingChanges:	4
