sx:	15
sy:	6
ex:	10
ey:	1
shortestPathLength:	7.8309517
straightLineDistance:	7.071068
directness:	1.1074638
distanceCoverage:	0.33864272
minMapCoverage:	0.37503457
shortestPathHeadingChanges:	3
minHeadingChanges:	3
