sx:	6
sy:	2
ex:	20
ey:	5
shortestPathLength:	15.063324
straightLineDistance:	14.3178215
directness:	1.0520681
distanceCoverage:	0.6856993
minMapCoverage:	0.72140235
shortestPathHeadingChanges:	4
minHeadingChanges:	4
