sx:	11
sy:	27
ex:	5
ey:	49
shortestPathLength:	23.564034
straightLineDistance:	22.803509
directness:	1.0333512
distanceCoverage:	0.20396079
minMapCoverage:	0.21076313
shortestPathHeadingChanges:	4
minHeadingChanges:	4
