sx:	12
sy:	19
ex:	24
ey:	1
shortestPathLength:	21.66267
straightLineDistance:	21.633308
directness:	1.0013572
distanceCoverage:	0.1934942
minMapCoverage:	0.19375682
shortestPathHeadingChanges:	3
minHeadingChanges:	3
