sx:	12
sy:	25
ex:	42
ey:	4
shortestPathLength:	36.94081
straightLineDistance:	36.619667
directness:	1.0087698
distanceCoverage:	0.32753626
minMapCoverage:	0.33040866
shortestPathHeadingChanges:	6
minHeadingChanges:	3
