sx:	15
sy:	29
ex:	37
ey:	9
shortestPathLength:	29.832964
straightLineDistance:	29.732138
directness:	1.0033911
distanceCoverage:	0.26593232
minMapCoverage:	0.26683414
shortestPathHeadingChanges:	3
minHeadingChanges:	3
