sx:	17
sy:	39
ex:	58
ey:	50
shortestPathLength:	42.551697
straightLineDistance:	42.44997
directness:	1.0023963
distanceCoverage:	0.3796841
minMapCoverage:	0.38059396
shortestPathHeadingChanges:	4
minHeadingChanges:	3
