sx:	21
sy:	15
ex:	88
ey:	6
shortestPathLength:	67.82544
straightLineDistance:	67.601776
directness:	1.0033085
distanceCoverage:	0.60464865
minMapCoverage:	0.60664916
shortestPathHeadingChanges:	4
minHeadingChanges:	3
