sx:	27
sy:	46
ex:	4
ey:	31
shortestPathLength:	27.541397
straightLineDistance:	27.45906
directness:	1.0029985
distanceCoverage:	0.24560131
minMapCoverage:	0.24633774
shortestPathHeadingChanges:	5
minHeadingChanges:	3
