sx:	28
sy:	22
ex:	19
ey:	39
shortestPathLength:	19.486832
straightLineDistance:	19.235384
directness:	1.0130721
distanceCoverage:	0.17204651
minMapCoverage:	0.17429551
shortestPathHeadingChanges:	3
minHeadingChanges:	3
