sx:	30
sy:	37
ex:	67
ey:	8
shortestPathLength:	47.018513
straightLineDistance:	47.010635
directness:	1.0001676
distanceCoverage:	0.4204759
minMapCoverage:	0.42054635
shortestPathHeadingChanges:	3
minHeadingChanges:	3
