sx:	40
sy:	22
ex:	87
ey:	32
shortestPathLength:	48.10815
straightLineDistance:	48.052055
directness:	1.0011674
distanceCoverage:	0.42979065
minMapCoverage:	0.43029237
shortestPathHeadingChanges:	5
minHeadingChanges:	3
