sx:	43
sy:	38
ex:	12
ey:	4
shortestPathLength:	46.22995
straightLineDistance:	46.010868
directness:	1.0047616
distanceCoverage:	0.4115337
minMapCoverage:	0.41349325
shortestPathHeadingChanges:	4
minHeadingChanges:	3
