sx:	50
sy:	16
ex:	96
ey:	32
shortestPathLength:	48.706604
straightLineDistance:	48.703182
directness:	1.0000702
distanceCoverage:	0.4356145
minMapCoverage:	0.4356451
shortestPathHeadingChanges:	3
minHeadingChanges:	3
