sx:	53
sy:	40
ex:	13
ey:	21
shortestPathLength:	45.026882
straightLineDistance:	44.28318
directness:	1.0167942
distanceCoverage:	0.39608082
minMapCoverage:	0.40273267
shortestPathHeadingChanges:	6
minHeadingChanges:	3
