sx:	55
sy:	17
ex:	15
ey:	31
shortestPathLength:	42.58944
straightLineDistance:	42.379242
directness:	1.00496
distanceCoverage:	0.37905148
minMapCoverage:	0.38093153
shortestPathHeadingChanges:	4
minHeadingChanges:	3
