sx:	57
sy:	38
ex:	28
ey:	43
shortestPathLength:	29.578457
straightLineDistance:	29.427877
directness:	1.0051169
distanceCoverage:	0.26321095
minMapCoverage:	0.26455775
shortestPathHeadingChanges:	5
minHeadingChanges:	3
