sx:	62
sy:	24
ex:	58
ey:	13
shortestPathLength:	11.807223
straightLineDistance:	11.7046995
directness:	1.0087591
distanceCoverage:	0.104690015
minMapCoverage:	0.10560702
shortestPathHeadingChanges:	3
minHeadingChanges:	3
