sx:	65
sy:	39
ex:	12
ey:	43
shortestPathLength:	53.90524
straightLineDistance:	53.15073
directness:	1.0141957
distanceCoverage:	0.47539458
minMapCoverage:	0.48214313
shortestPathHeadingChanges:	6
minHeadingChanges:	3
