sx:	72
sy:	34
ex:	54
ey:	17
shortestPathLength:	24.849434
straightLineDistance:	24.758837
directness:	1.0036591
distanceCoverage:	0.22144976
minMapCoverage:	0.22226009
shortestPathHeadingChanges:	3
minHeadingChanges:	3
