sx:	76
sy:	50
ex:	40
ey:	42
shortestPathLength:	37.715027
straightLineDistance:	36.878178
directness:	1.0226922
distanceCoverage:	0.32984844
minMapCoverage:	0.33733347
shortestPathHeadingChanges:	4
minHeadingChanges:	3
