sx:	77
sy:	4
ex:	28
ey:	35
shortestPathLength:	58.320236
straightLineDistance:	57.982758
directness:	1.0058203
distanceCoverage:	0.5186136
minMapCoverage:	0.5216321
shortestPathHeadingChanges:	5
minHeadingChanges:	3
