sx:	80
sy:	50
ex:	21
ey:	45
shortestPathLength:	60.57896
straightLineDistance:	59.211487
directness:	1.0230948
distanceCoverage:	0.52960366
minMapCoverage:	0.5418347
shortestPathHeadingChanges:	10
minHeadingChanges:	4
