sx:	82
sy:	24
ex:	42
ey:	9
shortestPathLength:	42.750393
straightLineDistance:	42.72002
directness:	1.000711
distanceCoverage:	0.38209948
minMapCoverage:	0.38237113
shortestPathHeadingChanges:	4
minHeadingChanges:	3
