sx:	85
sy:	39
ex:	96
ey:	47
shortestPathLength:	13.605551
straightLineDistance:	13.601471
directness:	1.0002999
distanceCoverage:	0.121655256
minMapCoverage:	0.12169175
shortestPathHeadingChanges:	3
minHeadingChanges:	3
