sx:	9
sy:	39
ex:	47
ey:	16
shortestPathLength:	44.489517
straightLineDistance:	44.418465
directness:	1.0015997
distanceCoverage:	0.39729083
minMapCoverage:	0.39792633
shortestPathHeadingChanges:	4
minHeadingChanges:	3
