sx:	11
sy:	16
ex:	1
ey:	13
shortestPathLength:	26.560623
straightLineDistance:	10.440307
directness:	2.5440462
distanceCoverage:	0.14764823
minMapCoverage:	0.37562394
shortestPathHeadingChanges:	7
minHeadingChanges:	6
