sx:	11
sy:	19
ex:	4
ey:	22
shortestPathLength:	49.613663
straightLineDistance:	7.615773
directness:	6.514593
distanceCoverage:	0.1077033
minMapCoverage:	0.70164317
shortestPathHeadingChanges:	16
minHeadingChanges:	9
