sx:	11
sy:	39
ex:	29
ey:	4
shortestPathLength:	40.433197
straightLineDistance:	39.357338
directness:	1.0273356
distanceCoverage:	0.5565968
minMapCoverage:	0.57181174
shortestPathHeadingChanges:	8
minHeadingChanges:	7
