sx:	12
sy:	26
ex:	43
ey:	2
shortestPathLength:	69.15076
straightLineDistance:	39.20459
directness:	1.7638434
distanceCoverage:	0.5544366
minMapCoverage:	0.97793937
shortestPathHeadingChanges:	18
minHeadingChanges:	11
