sx:	14
sy:	39
ex:	20
ey:	22
shortestPathLength:	18.643509
straightLineDistance:	18.027756
directness:	1.0341558
distanceCoverage:	0.25495097
minMapCoverage:	0.26365903
shortestPathHeadingChanges:	6
minHeadingChanges:	5
