sx:	15
sy:	28
ex:	0
ey:	10
shortestPathLength:	64.96704
straightLineDistance:	23.43075
directness:	2.7727256
distanceCoverage:	0.33136085
minMapCoverage:	0.9187727
shortestPathHeadingChanges:	19
minHeadingChanges:	12
