sx:	17
sy:	12
ex:	26
ey:	1
shortestPathLength:	22.046318
straightLineDistance:	14.21267
directness:	1.5511736
distanceCoverage:	0.20099752
minMapCoverage:	0.31178203
shortestPathHeadingChanges:	7
minHeadingChanges:	5
