sx:	17
sy:	26
ex:	41
ey:	41
shortestPathLength:	48.12462
straightLineDistance:	28.301943
directness:	1.7003999
distanceCoverage:	0.40024993
minMapCoverage:	0.6805849
shortestPathHeadingChanges:	12
minHeadingChanges:	7
