sx:	18
sy:	46
ex:	8
ey:	41
shortestPathLength:	13.922483
straightLineDistance:	11.18034
directness:	1.2452648
distanceCoverage:	0.15811388
minMapCoverage:	0.19689365
shortestPathHeadingChanges:	6
minHeadingChanges:	4
