sx:	18
sy:	47
ex:	1
ey:	11
shortestPathLength:	59.323074
straightLineDistance:	39.812057
directness:	1.4900781
distanceCoverage:	0.5630275
minMapCoverage:	0.838955
shortestPathHeadingChanges:	15
minHeadingChanges:	10
