sx:	19
sy:	41
ex:	34
ey:	29
shortestPathLength:	21.389631
straightLineDistance:	19.209373
directness:	1.1134996
distanceCoverage:	0.27166158
minMapCoverage:	0.30249506
shortestPathHeadingChanges:	4
minHeadingChanges:	4
