sx:	20
sy:	34
ex:	22
ey:	41
shortestPathLength:	7.6502814
straightLineDistance:	7.28011
directness:	1.0508469
distanceCoverage:	0.1029563
minMapCoverage:	0.10819132
shortestPathHeadingChanges:	4
minHeadingChanges:	3
