sx:	23
sy:	24
ex:	14
ey:	44
shortestPathLength:	22.263138
straightLineDistance:	21.931713
directness:	1.0151117
distanceCoverage:	0.31016126
minMapCoverage:	0.3148483
shortestPathHeadingChanges:	5
minHeadingChanges:	5
