sx:	24
sy:	38
ex:	49
ey:	19
shortestPathLength:	60.69879
straightLineDistance:	31.400637
directness:	1.9330434
distanceCoverage:	0.44407207
minMapCoverage:	0.85841054
shortestPathHeadingChanges:	14
minHeadingChanges:	8
