sx:	26
sy:	16
ex:	48
ey:	49
shortestPathLength:	44.34882
straightLineDistance:	39.661064
directness:	1.1181954
distanceCoverage:	0.56089216
minMapCoverage:	0.627187
shortestPathHeadingChanges:	11
minHeadingChanges:	6
