sx:	26
sy:	36
ex:	15
ey:	9
shortestPathLength:	29.53417
straightLineDistance:	29.15476
directness:	1.0130136
distanceCoverage:	0.41231057
minMapCoverage:	0.41767624
shortestPathHeadingChanges:	6
minHeadingChanges:	5
