sx:	29
sy:	9
ex:	44
ey:	19
shortestPathLength:	32.728592
straightLineDistance:	18.027756
directness:	1.8154557
distanceCoverage:	0.25495097
minMapCoverage:	0.46285218
shortestPathHeadingChanges:	8
minHeadingChanges:	5
