sx:	31
sy:	49
ex:	14
ey:	28
shortestPathLength:	43.735992
straightLineDistance:	27.018513
directness:	1.6187416
distanceCoverage:	0.38209948
minMapCoverage:	0.6185203
shortestPathHeadingChanges:	11
minHeadingChanges:	6
