sx:	37
sy:	19
ex:	44
ey:	23
shortestPathLength:	8.404918
straightLineDistance:	8.062258
directness:	1.0425017
distanceCoverage:	0.114017546
minMapCoverage:	0.118863486
shortestPathHeadingChanges:	5
minHeadingChanges:	3
