sx:	40
sy:	37
ex:	28
ey:	31
shortestPathLength:	13.991941
straightLineDistance:	13.416408
directness:	1.0428978
distanceCoverage:	0.18973665
minMapCoverage:	0.19787593
shortestPathHeadingChanges:	6
minHeadingChanges:	5
