sx:	40
sy:	40
ex:	25
ey:	19
shortestPathLength:	29.376015
straightLineDistance:	25.806976
directness:	1.1382974
distanceCoverage:	0.36496577
minMapCoverage:	0.41543958
shortestPathHeadingChanges:	8
minHeadingChanges:	5
