sx:	41
sy:	42
ex:	13
ey:	49
shortestPathLength:	37.14658
straightLineDistance:	28.86174
directness:	1.2870526
distanceCoverage:	0.40816665
minMapCoverage:	0.525332
shortestPathHeadingChanges:	11
minHeadingChanges:	6
