sx:	41
sy:	44
ex:	16
ey:	34
shortestPathLength:	27.12059
straightLineDistance:	26.925823
directness:	1.0072335
distanceCoverage:	0.38078865
minMapCoverage:	0.38354307
shortestPathHeadingChanges:	5
minHeadingChanges:	3
