sx:	42
sy:	38
ex:	18
ey:	37
shortestPathLength:	24.84162
straightLineDistance:	24.020824
directness:	1.0341702
distanceCoverage:	0.33970577
minMapCoverage:	0.35131356
shortestPathHeadingChanges:	4
minHeadingChanges:	4
