sx:	44
sy:	48
ex:	18
ey:	28
shortestPathLength:	53.175877
straightLineDistance:	32.80244
directness:	1.6210952
distanceCoverage:	0.46389657
minMapCoverage:	0.7520205
shortestPathHeadingChanges:	13
minHeadingChanges:	8
