sx:	45
sy:	34
ex:	14
ey:	47
shortestPathLength:	34.789585
straightLineDistance:	33.61547
directness:	1.0349278
distanceCoverage:	0.47539455
minMapCoverage:	0.49199903
shortestPathHeadingChanges:	8
minHeadingChanges:	5
