sx:	46
sy:	35
ex:	20
ey:	16
shortestPathLength:	35.66075
straightLineDistance:	32.202484
directness:	1.1073914
distanceCoverage:	0.4554119
minMapCoverage:	0.5043192
shortestPathHeadingChanges:	11
minHeadingChanges:	6
