sx:	46
sy:	45
ex:	3
ey:	49
shortestPathLength:	46.367767
straightLineDistance:	43.185646
directness:	1.0736847
distanceCoverage:	0.61073726
minMapCoverage:	0.65573925
shortestPathHeadingChanges:	9
minHeadingChanges:	6
