sx:	48
sy:	16
ex:	13
ey:	20
shortestPathLength:	50.797607
straightLineDistance:	35.22783
directness:	1.4419738
distanceCoverage:	0.49819672
minMapCoverage:	0.71838665
shortestPathHeadingChanges:	12
minHeadingChanges:	6
