sx:	5
sy:	27
ex:	12
ey:	42
shortestPathLength:	16.887308
straightLineDistance:	16.552946
directness:	1.0201995
distanceCoverage:	0.23409401
minMapCoverage:	0.23882261
shortestPathHeadingChanges:	4
minHeadingChanges:	4
