sx:	8
sy:	43
ex:	34
ey:	48
shortestPathLength:	35.77132
straightLineDistance:	26.476404
directness:	1.3510641
distanceCoverage:	0.3744329
minMapCoverage:	0.50588286
shortestPathHeadingChanges:	9
minHeadingChanges:	5
