sx:	9
sy:	39
ex:	12
ey:	11
shortestPathLength:	35.606754
straightLineDistance:	28.160255
directness:	1.2644329
distanceCoverage:	0.39824614
minMapCoverage:	0.50355554
shortestPathHeadingChanges:	11
minHeadingChanges:	6
