sx:	1
sy:	14
ex:	16
ey:	23
shortestPathLength:	18.431105
straightLineDistance:	17.492855
directness:	1.0536362
distanceCoverage:	0.41231054
minMapCoverage:	0.4344253
shortestPathHeadingChanges:	7
minHeadingChanges:	4
