sx:	1
sy:	2
ex:	14
ey:	28
shortestPathLength:	32.522263
straightLineDistance:	29.068884
directness:	1.1187998
distanceCoverage:	0.68516016
minMapCoverage:	0.7665571
shortestPathHeadingChanges:	7
minHeadingChanges:	4
