sx:	12
sy:	29
ex:	1
ey:	28
shortestPathLength:	12.449659
straightLineDistance:	11.045361
directness:	1.1271392
distanceCoverage:	0.26034164
minMapCoverage:	0.2934413
shortestPathHeadingChanges:	5
minHeadingChanges:	5
