sx:	12
sy:	8
ex:	18
ey:	7
shortestPathLength:	6.8863497
straightLineDistance:	6.0827627
directness:	1.1321089
distanceCoverage:	0.14337209
minMapCoverage:	0.16231282
shortestPathHeadingChanges:	4
minHeadingChanges:	4
