sx:	13
sy:	17
ex:	0
ey:	10
shortestPathLength:	15.402243
straightLineDistance:	14.764823
directness:	1.0431715
distanceCoverage:	0.3480102
minMapCoverage:	0.36303434
shortestPathHeadingChanges:	5
minHeadingChanges:	4
