sx:	15
sy:	12
ex:	5
ey:	21
shortestPathLength:	20.340769
straightLineDistance:	13.453624
directness:	1.5119175
distanceCoverage:	0.31710497
minMapCoverage:	0.47943652
shortestPathHeadingChanges:	6
minHeadingChanges:	5
