sx:	17
sy:	16
ex:	18
ey:	25
shortestPathLength:	9.09902
straightLineDistance:	9.055386
directness:	1.0048186
distanceCoverage:	0.21343748
minMapCoverage:	0.21446596
shortestPathHeadingChanges:	3
minHeadingChanges:	3
