sx:	17
sy:	26
ex:	25
ey:	19
shortestPathLength:	11.224535
straightLineDistance:	10.630146
directness:	1.0559154
distanceCoverage:	0.25055495
minMapCoverage:	0.2645648
shortestPathHeadingChanges:	3
minHeadingChanges:	3
