sx:	17
sy:	4
ex:	23
ey:	15
shortestPathLength:	14.321144
straightLineDistance:	12.529964
directness:	1.1429517
distanceCoverage:	0.2953341
minMapCoverage:	0.3375526
shortestPathHeadingChanges:	3
minHeadingChanges:	3
