sx:	17
sy:	5
ex:	28
ey:	22
shortestPathLength:	22.806053
straightLineDistance:	20.248457
directness:	1.1263107
distanceCoverage:	0.4772607
minMapCoverage:	0.53754383
shortestPathHeadingChanges:	5
minHeadingChanges:	3
