sx:	18
sy:	9
ex:	0
ey:	28
shortestPathLength:	34.08783
straightLineDistance:	26.172504
directness:	1.3024291
distanceCoverage:	0.61689186
minMapCoverage:	0.80345786
shortestPathHeadingChanges:	7
minHeadingChanges:	6
