sx:	2
sy:	22
ex:	19
ey:	23
shortestPathLength:	17.497366
straightLineDistance:	17.029387
directness:	1.0274807
distanceCoverage:	0.4013865
minMapCoverage:	0.41241688
shortestPathHeadingChanges:	7
minHeadingChanges:	5
