sx:	2
sy:	24
ex:	24
ey:	14
shortestPathLength:	25.016874
straightLineDistance:	24.166092
directness:	1.0352056
distanceCoverage:	0.5696002
minMapCoverage:	0.5896534
shortestPathHeadingChanges:	6
minHeadingChanges:	5
