sx:	22
sy:	9
ex:	2
ey:	20
shortestPathLength:	27.126314
straightLineDistance:	22.825424
directness:	1.1884254
distanceCoverage:	0.5380004
minMapCoverage:	0.63937336
shortestPathHeadingChanges:	9
minHeadingChanges:	5
