sx:	23
sy:	22
ex:	16
ey:	2
shortestPathLength:	24.183283
straightLineDistance:	21.189621
directness:	1.1412796
distanceCoverage:	0.49944416
minMapCoverage:	0.5700054
shortestPathHeadingChanges:	6
minHeadingChanges:	4
