sx:	24
sy:	1
ex:	20
ey:	14
shortestPathLength:	14.341664
straightLineDistance:	13.601471
directness:	1.0544201
distanceCoverage:	0.32058975
minMapCoverage:	0.33803627
shortestPathHeadingChanges:	3
minHeadingChanges:	3
