sx:	24
sy:	5
ex:	14
ey:	23
shortestPathLength:	20.88095
straightLineDistance:	20.59126
directness:	1.0140686
distanceCoverage:	0.48534068
minMapCoverage:	0.49216872
shortestPathHeadingChanges:	6
minHeadingChanges:	3
