sx:	25
sy:	17
ex:	8
ey:	23
shortestPathLength:	18.098053
straightLineDistance:	18.027756
directness:	1.0038993
distanceCoverage:	0.42491826
minMapCoverage:	0.4265752
shortestPathHeadingChanges:	4
minHeadingChanges:	4
