sx:	27
sy:	28
ex:	16
ey:	2
shortestPathLength:	29.790195
straightLineDistance:	28.231188
directness:	1.0552229
distanceCoverage:	0.66541547
minMapCoverage:	0.70216167
shortestPathHeadingChanges:	7
minHeadingChanges:	4
