sx:	27
sy:	2
ex:	18
ey:	19
shortestPathLength:	19.277676
straightLineDistance:	19.235384
directness:	1.0021987
distanceCoverage:	0.45338234
minMapCoverage:	0.45437917
shortestPathHeadingChanges:	3
minHeadingChanges:	3
