sx:	28
sy:	16
ex:	24
ey:	4
shortestPathLength:	12.667109
straightLineDistance:	12.649111
directness:	1.0014229
distanceCoverage:	0.2981424
minMapCoverage:	0.2985666
shortestPathHeadingChanges:	3
minHeadingChanges:	3
