sx:	29
sy:	20
ex:	28
ey:	29
shortestPathLength:	9.082763
straightLineDistance:	9.055386
directness:	1.0030233
distanceCoverage:	0.21343748
minMapCoverage:	0.21408278
shortestPathHeadingChanges:	3
minHeadingChanges:	3
