sx:	29
sy:	26
ex:	10
ey:	5
shortestPathLength:	28.670063
straightLineDistance:	28.319605
directness:	1.0123751
distanceCoverage:	0.6674995
minMapCoverage:	0.67575985
shortestPathHeadingChanges:	5
minHeadingChanges:	4
