sx:	29
sy:	7
ex:	27
ey:	12
shortestPathLength:	5.537319
straightLineDistance:	5.3851647
directness:	1.0282544
distanceCoverage:	0.12692955
minMapCoverage:	0.13051586
shortestPathHeadingChanges:	3
minHeadingChanges:	3
