sx:	30
sy:	16
ex:	0
ey:	27
shortestPathLength:	32.091824
straightLineDistance:	31.95309
directness:	1.0043417
distanceCoverage:	0.7531416
minMapCoverage:	0.75641155
shortestPathHeadingChanges:	6
minHeadingChanges:	4
