sx:	7
sy:	24
ex:	25
ey:	13
shortestPathLength:	21.672928
straightLineDistance:	21.095022
directness:	1.0273954
distanceCoverage:	0.49721444
minMapCoverage:	0.5108358
shortestPathHeadingChanges:	5
minHeadingChanges:	4
