sx:	1
sy:	32
ex:	36
ey:	45
shortestPathLength:	38.808132
straightLineDistance:	37.336308
directness:	1.0394207
distanceCoverage:	0.33394608
minMapCoverage:	0.34711048
shortestPathHeadingChanges:	6
minHeadingChanges:	4
