sx:	13
sy:	20
ex:	98
ey:	23
shortestPathLength:	85.20419
straightLineDistance:	85.052925
directness:	1.0017785
distanceCoverage:	0.76073647
minMapCoverage:	0.7620895
shortestPathHeadingChanges:	5
minHeadingChanges:	3
