sx:	13
sy:	42
ex:	51
ey:	29
shortestPathLength:	40.38681
straightLineDistance:	40.16217
directness:	1.0055933
distanceCoverage:	0.35922137
minMapCoverage:	0.3612306
shortestPathHeadingChanges:	4
minHeadingChanges:	3
