sx:	16
sy:	10
ex:	91
ey:	37
shortestPathLength:	79.728096
straightLineDistance:	79.71198
directness:	1.0002022
distanceCoverage:	0.71296567
minMapCoverage:	0.7131098
shortestPathHeadingChanges:	3
minHeadingChanges:	3
