sx:	16
sy:	18
ex:	67
ey:	34
shortestPathLength:	54.942596
straightLineDistance:	53.450912
directness:	1.0279075
distanceCoverage:	0.4780795
minMapCoverage:	0.49142152
shortestPathHeadingChanges:	4
minHeadingChanges:	3
