sx:	19
sy:	43
ex:	58
ey:	30
shortestPathLength:	41.14188
straightLineDistance:	41.109608
directness:	1.000785
distanceCoverage:	0.3676955
minMapCoverage:	0.36798418
shortestPathHeadingChanges:	3
minHeadingChanges:	3
