sx:	21
sy:	37
ex:	73
ey:	10
shortestPathLength:	58.676395
straightLineDistance:	58.59181
directness:	1.0014436
distanceCoverage:	0.5240611
minMapCoverage:	0.52481765
shortestPathHeadingChanges:	6
minHeadingChanges:	3
