sx:	43
sy:	20
ex:	98
ey:	25
shortestPathLength:	55.276924
straightLineDistance:	55.226807
directness:	1.0009075
distanceCoverage:	0.49396357
minMapCoverage:	0.49441186
shortestPathHeadingChanges:	3
minHeadingChanges:	3
