sx:	44
sy:	28
ex:	100
ey:	48
shortestPathLength:	59.479553
straightLineDistance:	59.464275
directness:	1.0002569
distanceCoverage:	0.53186464
minMapCoverage:	0.5320013
shortestPathHeadingChanges:	3
minHeadingChanges:	3
