sx:	48
sy:	29
ex:	16
ey:	15
shortestPathLength:	34.94427
straightLineDistance:	34.928497
directness:	1.0004516
distanceCoverage:	0.31240997
minMapCoverage:	0.31255105
shortestPathHeadingChanges:	3
minHeadingChanges:	3
