sx:	50
sy:	12
ex:	73
ey:	34
shortestPathLength:	31.947561
straightLineDistance:	31.827662
directness:	1.0037671
distanceCoverage:	0.28467527
minMapCoverage:	0.28574768
shortestPathHeadingChanges:	3
minHeadingChanges:	3
