sx:	58
sy:	37
ex:	13
ey:	34
shortestPathLength:	45.186775
straightLineDistance:	45.099888
directness:	1.0019265
distanceCoverage:	0.40338567
minMapCoverage:	0.4041628
shortestPathHeadingChanges:	3
minHeadingChanges:	3
