sx:	6
sy:	26
ex:	20
ey:	2
shortestPathLength:	27.791868
straightLineDistance:	27.784887
directness:	1.0002513
distanceCoverage:	0.24851559
minMapCoverage:	0.24857803
shortestPathHeadingChanges:	4
minHeadingChanges:	3
