sx:	60
sy:	19
ex:	36
ey:	38
shortestPathLength:	30.707462
straightLineDistance:	30.610456
directness:	1.0031691
distanceCoverage:	0.27378824
minMapCoverage:	0.2746559
shortestPathHeadingChanges:	4
minHeadingChanges:	3
