sx:	66
sy:	24
ex:	54
ey:	6
shortestPathLength:	21.696388
straightLineDistance:	21.633308
directness:	1.0029159
distanceCoverage:	0.1934942
minMapCoverage:	0.1940584
shortestPathHeadingChanges:	3
minHeadingChanges:	3
