sx:	69
sy:	12
ex:	34
ey:	50
shortestPathLength:	52.382717
straightLineDistance:	51.662365
directness:	1.0139434
distanceCoverage:	0.46208224
minMapCoverage:	0.46852526
shortestPathHeadingChanges:	5
minHeadingChanges:	3
