sx:	69
sy:	13
ex:	96
ey:	9
shortestPathLength:	27.699482
straightLineDistance:	27.294687
directness:	1.0148306
distanceCoverage:	0.2441311
minMapCoverage:	0.2477517
shortestPathHeadingChanges:	4
minHeadingChanges:	3
