sx:	73
sy:	24
ex:	61
ey:	39
shortestPathLength:	19.416939
straightLineDistance:	19.209373
directness:	1.0108054
distanceCoverage:	0.17181386
minMapCoverage:	0.17367038
shortestPathHeadingChanges:	3
minHeadingChanges:	3
