sx:	73
sy:	21
ex:	14
ey:	24
shortestPathLength:	59.109516
straightLineDistance:	59.07622
directness:	1.0005636
distanceCoverage:	0.5283938
minMapCoverage:	0.5286916
shortestPathHeadingChanges:	3
minHeadingChanges:	3
