sx:	76
sy:	12
ex:	43
ey:	31
shortestPathLength:	38.589893
straightLineDistance:	38.078865
directness:	1.0134202
distanceCoverage:	0.34058774
minMapCoverage:	0.3451585
shortestPathHeadingChanges:	3
minHeadingChanges:	3
