sx:	84
sy:	28
ex:	43
ey:	30
shortestPathLength:	42.203606
straightLineDistance:	41.04875
directness:	1.0281337
distanceCoverage:	0.3671512
minMapCoverage:	0.37748054
shortestPathHeadingChanges:	5
minHeadingChanges:	3
