sx:	89
sy:	14
ex:	24
ey:	50
shortestPathLength:	75.42188
straightLineDistance:	74.30343
directness:	1.0150526
distanceCoverage:	0.66459006
minMapCoverage:	0.6745938
shortestPathHeadingChanges:	6
minHeadingChanges:	4
