sx:	90
sy:	2
ex:	71
ey:	44
shortestPathLength:	46.389877
straightLineDistance:	46.09772
directness:	1.0063378
distanceCoverage:	0.41231054
minMapCoverage:	0.41492367
shortestPathHeadingChanges:	4
minHeadingChanges:	3
