sx:	97
sy:	22
ex:	20
ey:	14
shortestPathLength:	77.420135
straightLineDistance:	77.41447
directness:	1.0000732
distanceCoverage:	0.6924161
minMapCoverage:	0.69246674
shortestPathHeadingChanges:	3
minHeadingChanges:	3
