sx:	99
sy:	20
ex:	90
ey:	34
shortestPathLength:	16.763748
straightLineDistance:	16.643316
directness:	1.007236
distanceCoverage:	0.14886235
minMapCoverage:	0.14993952
shortestPathHeadingChanges:	3
minHeadingChanges:	3
