sx:	10
sy:	65
ex:	100
ey:	131
shortestPathLength:	117.894806
straightLineDistance:	111.60645
directness:	1.056344
distanceCoverage:	0.52088326
minMapCoverage:	0.5502319
shortestPathHeadingChanges:	10
minHeadingChanges:	5
