sx:	100
sy:	68
ex:	54
ey:	78
shortestPathLength:	62.389103
straightLineDistance:	47.07441
directness:	1.3253295
distanceCoverage:	0.21970299
minMapCoverage:	0.29117885
shortestPathHeadingChanges:	7
minHeadingChanges:	3
