sx:	107
sy:	81
ex:	48
ey:	74
shortestPathLength:	66.54797
straightLineDistance:	59.413803
directness:	1.120076
distanceCoverage:	0.2772927
minMapCoverage:	0.3105889
shortestPathHeadingChanges:	5
minHeadingChanges:	3
