sx:	112
sy:	72
ex:	62
ey:	52
shortestPathLength:	88.51403
straightLineDistance:	53.851646
directness:	1.6436644
distanceCoverage:	0.25133333
minMapCoverage:	0.4131076
shortestPathHeadingChanges:	10
minHeadingChanges:	4
