sx:	113
sy:	73
ex:	143
ey:	61
shortestPathLength:	33.248287
straightLineDistance:	32.31099
directness:	1.0290086
distanceCoverage:	0.1508
minMapCoverage:	0.15517451
shortestPathHeadingChanges:	3
minHeadingChanges:	3
