sx:	114
sy:	16
ex:	133
ey:	0
shortestPathLength:	25.385143
straightLineDistance:	24.839485
directness:	1.0219674
distanceCoverage:	0.115929425
minMapCoverage:	0.118476085
shortestPathHeadingChanges:	4
minHeadingChanges:	3
