sx:	117
sy:	11
ex:	121
ey:	5
shortestPathLength:	7.2111025
straightLineDistance:	7.2111025
directness:	1.0
distanceCoverage:	0.033655245
minMapCoverage:	0.033655245
shortestPathHeadingChanges:	2
minHeadingChanges:	2
