sx:	119
sy:	48
ex:	137
ey:	64
shortestPathLength:	24.345236
straightLineDistance:	24.083189
directness:	1.010881
distanceCoverage:	0.11239968
minMapCoverage:	0.11362269
shortestPathHeadingChanges:	3
minHeadingChanges:	3
