sx:	121
sy:	75
ex:	131
ey:	44
shortestPathLength:	32.760437
straightLineDistance:	32.572994
directness:	1.0057546
distanceCoverage:	0.15202281
minMapCoverage:	0.15289764
shortestPathHeadingChanges:	3
minHeadingChanges:	3
