sx:	123
sy:	44
ex:	15
ey:	80
shortestPathLength:	135.97847
straightLineDistance:	113.841995
directness:	1.1944491
distanceCoverage:	0.5313168
minMapCoverage:	0.6346309
shortestPathHeadingChanges:	7
minHeadingChanges:	5
