sx:	132
sy:	12
ex:	131
ey:	11
shortestPathLength:	1.4142135
straightLineDistance:	1.4142135
directness:	1.0
distanceCoverage:	0.0066003366
minMapCoverage:	0.0066003366
shortestPathHeadingChanges:	2
minHeadingChanges:	2
