sx:	142
sy:	59
ex:	77
ey:	105
shortestPathLength:	80.88281
straightLineDistance:	79.630394
directness:	1.0157279
distanceCoverage:	0.3716464
minMapCoverage:	0.37749162
shortestPathHeadingChanges:	4
minHeadingChanges:	3
