sx:	146
sy:	57
ex:	24
ey:	121
shortestPathLength:	145.08536
straightLineDistance:	137.76791
directness:	1.0531143
distanceCoverage:	0.64298254
minMapCoverage:	0.6771341
shortestPathHeadingChanges:	9
minHeadingChanges:	5
