sx:	22
sy:	121
ex:	49
ey:	50
shortestPathLength:	133.90193
straightLineDistance:	75.96052
directness:	1.7627833
distanceCoverage:	0.3545186
minMapCoverage:	0.62493944
shortestPathHeadingChanges:	13
minHeadingChanges:	5
