sx:	32
sy:	108
ex:	27
ey:	67
shortestPathLength:	42.079082
straightLineDistance:	41.303753
directness:	1.0187714
distanceCoverage:	0.19277051
minMapCoverage:	0.19638908
shortestPathHeadingChanges:	4
minHeadingChanges:	4
