sx:	33
sy:	110
ex:	146
ey:	36
shortestPathLength:	147.64127
straightLineDistance:	135.07405
directness:	1.0930394
distanceCoverage:	0.6304099
minMapCoverage:	0.6890629
shortestPathHeadingChanges:	12
minHeadingChanges:	5
