sx:	37
sy:	93
ex:	59
ey:	92
shortestPathLength:	22.796112
straightLineDistance:	22.022715
directness:	1.0351182
distanceCoverage:	0.10278315
minMapCoverage:	0.10639271
shortestPathHeadingChanges:	4
minHeadingChanges:	3
