sx:	38
sy:	43
ex:	119
ey:	71
shortestPathLength:	147.11707
straightLineDistance:	85.70297
directness:	1.7165923
distanceCoverage:	0.399988
minMapCoverage:	0.68661636
shortestPathHeadingChanges:	14
minHeadingChanges:	5
