sx:	45
sy:	53
ex:	94
ey:	67
shortestPathLength:	140.33656
straightLineDistance:	50.96077
directness:	2.7538157
distanceCoverage:	0.23784119
minMapCoverage:	0.65497077
shortestPathHeadingChanges:	26
minHeadingChanges:	7
