sx:	45
sy:	72
ex:	81
ey:	11
shortestPathLength:	71.10182
straightLineDistance:	70.83079
directness:	1.0038265
distanceCoverage:	0.3305774
minMapCoverage:	0.33184236
shortestPathHeadingChanges:	5
minHeadingChanges:	3
