sx:	46
sy:	58
ex:	117
ey:	88
shortestPathLength:	114.73429
straightLineDistance:	77.07788
directness:	1.4885502
distanceCoverage:	0.35973346
minMapCoverage:	0.53548133
shortestPathHeadingChanges:	13
minHeadingChanges:	6
