sx:	47
sy:	17
ex:	137
ey:	78
shortestPathLength:	156.92735
straightLineDistance:	108.72442
directness:	1.4433497
distanceCoverage:	0.5074324
minMapCoverage:	0.7324024
shortestPathHeadingChanges:	16
minHeadingChanges:	6
