sx:	48
sy:	50
ex:	56
ey:	122
shortestPathLength:	130.55637
straightLineDistance:	72.443085
directness:	1.8021922
distanceCoverage:	0.33810222
minMapCoverage:	0.6093252
shortestPathHeadingChanges:	18
minHeadingChanges:	6
