sx:	49
sy:	20
ex:	142
ey:	66
shortestPathLength:	160.71095
straightLineDistance:	103.75452
directness:	1.5489538
distanceCoverage:	0.48423713
minMapCoverage:	0.750061
shortestPathHeadingChanges:	16
minHeadingChanges:	7
