sx:	50
sy:	78
ex:	6
ey:	66
shortestPathLength:	52.669792
straightLineDistance:	45.607018
directness:	1.1548616
distanceCoverage:	0.21285446
minMapCoverage:	0.24581744
shortestPathHeadingChanges:	9
minHeadingChanges:	4
