sx:	50
sy:	88
ex:	21
ey:	104
shortestPathLength:	33.250378
straightLineDistance:	33.12099
directness:	1.0039065
distanceCoverage:	0.1545804
minMapCoverage:	0.15518425
shortestPathHeadingChanges:	3
minHeadingChanges:	3
