sx:	53
sy:	35
ex:	95
ey:	22
shortestPathLength:	45.446793
straightLineDistance:	43.965897
directness:	1.0336828
distanceCoverage:	0.20519511
minMapCoverage:	0.21210667
shortestPathHeadingChanges:	4
minHeadingChanges:	4
