sx:	54
sy:	47
ex:	78
ey:	100
shortestPathLength:	59.343742
straightLineDistance:	58.18075
directness:	1.0199893
distanceCoverage:	0.27153787
minMapCoverage:	0.2769657
shortestPathHeadingChanges:	6
minHeadingChanges:	4
