sx:	55
sy:	31
ex:	101
ey:	145
shortestPathLength:	140.11737
straightLineDistance:	122.93088
directness:	1.1398062
distanceCoverage:	0.57373595
minMapCoverage:	0.6539478
shortestPathHeadingChanges:	13
minHeadingChanges:	6
