sx:	57
sy:	26
ex:	104
ey:	88
shortestPathLength:	104.4279
straightLineDistance:	77.801025
directness:	1.3422433
distanceCoverage:	0.3631085
minMapCoverage:	0.48737994
shortestPathHeadingChanges:	15
minHeadingChanges:	6
