sx:	58
sy:	90
ex:	117
ey:	94
shortestPathLength:	91.937325
straightLineDistance:	59.135437
directness:	1.5546908
distanceCoverage:	0.27599353
minMapCoverage:	0.42908463
shortestPathHeadingChanges:	8
minHeadingChanges:	5
