sx:	59
sy:	40
ex:	53
ey:	34
shortestPathLength:	24.93924
straightLineDistance:	8.485281
directness:	2.9391177
distanceCoverage:	0.03960202
minMapCoverage:	0.11639499
shortestPathHeadingChanges:	9
minHeadingChanges:	4
