sx:	60
sy:	25
ex:	48
ey:	123
shortestPathLength:	110.90021
straightLineDistance:	98.731964
directness:	1.1232452
distanceCoverage:	0.46079618
minMapCoverage:	0.5175871
shortestPathHeadingChanges:	13
minHeadingChanges:	4
