sx:	60
sy:	86
ex:	150
ey:	55
shortestPathLength:	100.99721
straightLineDistance:	95.189285
directness:	1.0610144
distanceCoverage:	0.444262
minMapCoverage:	0.47136837
shortestPathHeadingChanges:	6
minHeadingChanges:	4
