sx:	63
sy:	116
ex:	88
ey:	11
shortestPathLength:	115.11557
straightLineDistance:	107.935165
directness:	1.0665252
distanceCoverage:	0.50374883
minMapCoverage:	0.5372608
shortestPathHeadingChanges:	8
minHeadingChanges:	4
