sx:	69
sy:	53
ex:	128
ey:	98
shortestPathLength:	125.67318
straightLineDistance:	74.20242
directness:	1.6936533
distanceCoverage:	0.3463133
minMapCoverage:	0.5865347
shortestPathHeadingChanges:	14
minHeadingChanges:	6
