sx:	71
sy:	88
ex:	144
ey:	72
shortestPathLength:	84.92764
straightLineDistance:	74.73286
directness:	1.1364164
distanceCoverage:	0.34878892
minMapCoverage:	0.39636943
shortestPathHeadingChanges:	7
minHeadingChanges:	4
