sx:	72
sy:	11
ex:	93
ey:	105
shortestPathLength:	110.903275
straightLineDistance:	96.317184
directness:	1.1514381
distanceCoverage:	0.44952604
minMapCoverage:	0.51760143
shortestPathHeadingChanges:	11
minHeadingChanges:	5
