sx:	79
sy:	107
ex:	135
ey:	77
shortestPathLength:	70.6067
straightLineDistance:	63.529522
directness:	1.1113998
distanceCoverage:	0.29650134
minMapCoverage:	0.32953152
shortestPathHeadingChanges:	6
minHeadingChanges:	3
