sx:	8
sy:	59
ex:	93
ey:	150
shortestPathLength:	128.04637
straightLineDistance:	124.52309
directness:	1.0282942
distanceCoverage:	0.58116704
minMapCoverage:	0.5976107
shortestPathHeadingChanges:	12
minHeadingChanges:	6
