sx:	82
sy:	100
ex:	59
ey:	63
shortestPathLength:	45.042904
straightLineDistance:	43.56604
directness:	1.0338994
distanceCoverage:	0.20332892
minMapCoverage:	0.21022166
shortestPathHeadingChanges:	5
minHeadingChanges:	3
