sx:	82
sy:	106
ex:	124
ey:	88
shortestPathLength:	69.348656
straightLineDistance:	45.694637
directness:	1.5176542
distanceCoverage:	0.21326339
minMapCoverage:	0.32366008
shortestPathHeadingChanges:	7
minHeadingChanges:	4
