sx:	91
sy:	89
ex:	125
ey:	58
shortestPathLength:	46.021927
straightLineDistance:	46.010868
directness:	1.0002403
distanceCoverage:	0.2147393
minMapCoverage:	0.2147909
shortestPathHeadingChanges:	3
minHeadingChanges:	3
