sx:	91
sy:	93
ex:	97
ey:	77
shortestPathLength:	17.155495
straightLineDistance:	17.088007
directness:	1.0039494
distanceCoverage:	0.07975217
minMapCoverage:	0.08006714
shortestPathHeadingChanges:	3
minHeadingChanges:	3
