sx:	94
sy:	29
ex:	144
ey:	65
shortestPathLength:	168.56915
straightLineDistance:	61.611687
directness:	2.7359931
distanceCoverage:	0.28755054
minMapCoverage:	0.7867363
shortestPathHeadingChanges:	16
minHeadingChanges:	7
