sx:	103
sy:	67
ex:	71
ey:	90
shortestPathLength:	41.64306
straightLineDistance:	39.40812
directness:	1.0567126
distanceCoverage:	0.1786266
minMapCoverage:	0.18875699
shortestPathHeadingChanges:	4
minHeadingChanges:	3
