sx:	104
sy:	121
ex:	14
ey:	102
shortestPathLength:	94.45377
straightLineDistance:	91.983696
directness:	1.0268534
distanceCoverage:	0.4169378
minMapCoverage:	0.42813402
shortestPathHeadingChanges:	5
minHeadingChanges:	4
