sx:	111
sy:	88
ex:	71
ey:	55
shortestPathLength:	54.014923
straightLineDistance:	51.855568
directness:	1.0416417
distanceCoverage:	0.2350476
minMapCoverage:	0.24483538
shortestPathHeadingChanges:	5
minHeadingChanges:	4
