sx:	114
sy:	150
ex:	53
ey:	75
shortestPathLength:	107.72926
straightLineDistance:	96.67471
directness:	1.1143479
distanceCoverage:	0.43820095
minMapCoverage:	0.4883083
shortestPathHeadingChanges:	7
minHeadingChanges:	5
