sx:	115
sy:	61
ex:	98
ey:	142
shortestPathLength:	110.61774
straightLineDistance:	82.764725
directness:	1.3365324
distanceCoverage:	0.37515065
minMapCoverage:	0.501401
shortestPathHeadingChanges:	11
minHeadingChanges:	4
