sx:	116
sy:	43
ex:	43
ey:	78
shortestPathLength:	81.43712
straightLineDistance:	80.95678
directness:	1.0059333
distanceCoverage:	0.3669557
minMapCoverage:	0.36913297
shortestPathHeadingChanges:	3
minHeadingChanges:	3
