sx:	118
sy:	53
ex:	65
ey:	104
shortestPathLength:	73.903366
straightLineDistance:	73.552704
directness:	1.0047675
distanceCoverage:	0.33339497
minMapCoverage:	0.33498445
shortestPathHeadingChanges:	3
minHeadingChanges:	3
