sx:	12
sy:	131
ex:	98
ey:	27
shortestPathLength:	143.53583
straightLineDistance:	134.95184
directness:	1.0636078
distanceCoverage:	0.6117011
minMapCoverage:	0.65060997
shortestPathHeadingChanges:	10
minHeadingChanges:	5
