sx:	125
sy:	80
ex:	25
ey:	77
shortestPathLength:	107.30254
straightLineDistance:	100.04499
directness:	1.0725429
distanceCoverage:	0.45347753
minMapCoverage:	0.48637408
shortestPathHeadingChanges:	7
minHeadingChanges:	5
