sx:	126
sy:	100
ex:	122
ey:	124
shortestPathLength:	24.770329
straightLineDistance:	24.33105
directness:	1.0180542
distanceCoverage:	0.11028623
minMapCoverage:	0.11227736
shortestPathHeadingChanges:	3
minHeadingChanges:	3
