sx:	127
sy:	79
ex:	80
ey:	151
shortestPathLength:	87.75202
straightLineDistance:	85.98256
directness:	1.0205793
distanceCoverage:	0.38973624
minMapCoverage:	0.39775673
shortestPathHeadingChanges:	5
minHeadingChanges:	5
