sx:	13
sy:	116
ex:	88
ey:	154
shortestPathLength:	89.276695
straightLineDistance:	84.07735
directness:	1.06184
distanceCoverage:	0.38110042
minMapCoverage:	0.40466768
shortestPathHeadingChanges:	5
minHeadingChanges:	4
