sx:	130
sy:	98
ex:	84
ey:	41
shortestPathLength:	95.54902
straightLineDistance:	73.24616
directness:	1.3044918
distanceCoverage:	0.3320055
minMapCoverage:	0.43309847
shortestPathHeadingChanges:	13
minHeadingChanges:	4
