sx:	144
sy:	106
ex:	106
ey:	10
shortestPathLength:	105.58678
straightLineDistance:	103.24728
directness:	1.0226592
distanceCoverage:	0.46799263
minMapCoverage:	0.478597
shortestPathHeadingChanges:	6
minHeadingChanges:	5
