sx:	145
sy:	120
ex:	31
ey:	130
shortestPathLength:	120.47526
straightLineDistance:	114.43776
directness:	1.052758
distanceCoverage:	0.51871616
minMapCoverage:	0.54608256
shortestPathHeadingChanges:	8
minHeadingChanges:	5
