sx:	148
sy:	86
ex:	54
ey:	11
shortestPathLength:	121.95595
straightLineDistance:	120.2539
directness:	1.0141538
distanceCoverage:	0.5450792
minMapCoverage:	0.5527941
shortestPathHeadingChanges:	8
minHeadingChanges:	3
