sx:	16
sy:	151
ex:	136
ey:	64
shortestPathLength:	157.14714
straightLineDistance:	148.21944
directness:	1.060233
distanceCoverage:	0.67183954
minMapCoverage:	0.7123065
shortestPathHeadingChanges:	11
minHeadingChanges:	4
