sx:	17
sy:	60
ex:	132
ey:	127
shortestPathLength:	147.25316
straightLineDistance:	133.09395
directness:	1.1063851
distanceCoverage:	0.6032797
minMapCoverage:	0.66745967
shortestPathHeadingChanges:	14
minHeadingChanges:	4
