sx:	19
sy:	51
ex:	88
ey:	88
shortestPathLength:	102.62641
straightLineDistance:	78.29432
directness:	1.3107772
distanceCoverage:	0.3548875
minMapCoverage:	0.46517843
shortestPathHeadingChanges:	5
minHeadingChanges:	3
