sx:	26
sy:	66
ex:	113
ey:	109
shortestPathLength:	100.92949
straightLineDistance:	97.04638
directness:	1.040013
distanceCoverage:	0.43988562
minMapCoverage:	0.45748672
shortestPathHeadingChanges:	7
minHeadingChanges:	4
