sx:	28
sy:	84
ex:	116
ey:	71
shortestPathLength:	96.648735
straightLineDistance:	88.95505
directness:	1.0864896
distanceCoverage:	0.40320975
minMapCoverage:	0.4380832
shortestPathHeadingChanges:	7
minHeadingChanges:	4
