sx:	28
sy:	88
ex:	18
ey:	43
shortestPathLength:	49.58029
straightLineDistance:	46.09772
directness:	1.0755476
distanceCoverage:	0.20894879
minMapCoverage:	0.22473437
shortestPathHeadingChanges:	4
minHeadingChanges:	3
