sx:	30
sy:	156
ex:	19
ey:	105
shortestPathLength:	52.206978
straightLineDistance:	52.17279
directness:	1.0006553
distanceCoverage:	0.23648548
minMapCoverage:	0.23664044
shortestPathHeadingChanges:	3
minHeadingChanges:	3
