sx:	32
sy:	43
ex:	43
ey:	74
shortestPathLength:	77.79073
straightLineDistance:	32.89377
directness:	2.364908
distanceCoverage:	0.14909877
minMapCoverage:	0.35260484
shortestPathHeadingChanges:	10
minHeadingChanges:	4
