sx:	37
sy:	111
ex:	110
ey:	68
shortestPathLength:	85.31329
straightLineDistance:	84.723076
directness:	1.0069665
distanceCoverage:	0.38402733
minMapCoverage:	0.38670263
shortestPathHeadingChanges:	4
minHeadingChanges:	4
