sx:	38
sy:	141
ex:	90
ey:	26
shortestPathLength:	133.99884
straightLineDistance:	126.210144
directness:	1.0617121
distanceCoverage:	0.5720773
minMapCoverage:	0.60738134
shortestPathHeadingChanges:	8
minHeadingChanges:	5
