sx:	49
sy:	14
ex:	6
ey:	35
shortestPathLength:	110.06289
straightLineDistance:	47.853943
directness:	2.2999754
distanceCoverage:	0.21690929
minMapCoverage:	0.49888602
shortestPathHeadingChanges:	13
minHeadingChanges:	5
