sx:	49
sy:	61
ex:	81
ey:	25
shortestPathLength:	48.439087
straightLineDistance:	48.166378
directness:	1.0056618
distanceCoverage:	0.21832547
minMapCoverage:	0.21956159
shortestPathHeadingChanges:	3
minHeadingChanges:	3
