sx:	51
sy:	130
ex:	50
ey:	108
shortestPathLength:	28.915178
straightLineDistance:	22.022715
directness:	1.3129706
distanceCoverage:	0.09982315
minMapCoverage:	0.13106486
shortestPathHeadingChanges:	7
minHeadingChanges:	3
