sx:	55
sy:	119
ex:	93
ey:	18
shortestPathLength:	115.09741
straightLineDistance:	107.912
directness:	1.0665858
distanceCoverage:	0.4891366
minMapCoverage:	0.52170616
shortestPathHeadingChanges:	4
minHeadingChanges:	3
