sx:	58
sy:	135
ex:	107
ey:	27
shortestPathLength:	148.33987
straightLineDistance:	118.595955
directness:	1.2508005
distanceCoverage:	0.53756416
minMapCoverage:	0.67238545
shortestPathHeadingChanges:	14
minHeadingChanges:	5
