sx:	60
sy:	104
ex:	59
ey:	118
shortestPathLength:	15.459574
straightLineDistance:	14.035668
directness:	1.101449
distanceCoverage:	0.06361998
minMapCoverage:	0.07007416
shortestPathHeadingChanges:	5
minHeadingChanges:	3
