sx:	60
sy:	142
ex:	132
ey:	134
shortestPathLength:	124.63233
straightLineDistance:	72.443085
directness:	1.7204173
distanceCoverage:	0.3283654
minMapCoverage:	0.56492543
shortestPathHeadingChanges:	12
minHeadingChanges:	5
