sx:	64
sy:	108
ex:	42
ey:	96
shortestPathLength:	25.652557
straightLineDistance:	25.059929
directness:	1.0236485
distanceCoverage:	0.11359004
minMapCoverage:	0.116276264
shortestPathHeadingChanges:	4
minHeadingChanges:	3
