sx:	65
sy:	139
ex:	155
ey:	31
shortestPathLength:	153.91258
straightLineDistance:	140.58449
directness:	1.0948049
distanceCoverage:	0.63723236
minMapCoverage:	0.69764507
shortestPathHeadingChanges:	10
minHeadingChanges:	5
