sx:	65
sy:	65
ex:	36
ey:	114
shortestPathLength:	57.66422
straightLineDistance:	56.938564
directness:	1.0127445
distanceCoverage:	0.2580875
minMapCoverage:	0.26137668
shortestPathHeadingChanges:	5
minHeadingChanges:	3
