sx:	67
sy:	0
ex:	64
ey:	96
shortestPathLength:	102.90665
straightLineDistance:	96.04687
directness:	1.0714211
distanceCoverage:	0.4353551
minMapCoverage:	0.46644866
shortestPathHeadingChanges:	8
minHeadingChanges:	4
