sx:	69
sy:	16
ex:	149
ey:	114
shortestPathLength:	132.37238
straightLineDistance:	126.50692
directness:	1.0463647
distanceCoverage:	0.57342243
minMapCoverage:	0.600009
shortestPathHeadingChanges:	6
minHeadingChanges:	4
