sx:	7
sy:	42
ex:	63
ey:	29
shortestPathLength:	57.754833
straightLineDistance:	57.48913
directness:	1.0046219
distanceCoverage:	0.26058304
minMapCoverage:	0.2617874
shortestPathHeadingChanges:	4
minHeadingChanges:	4
