sx:	74
sy:	155
ex:	30
ey:	141
shortestPathLength:	78.08258
straightLineDistance:	46.173584
directness:	1.691066
distanceCoverage:	0.20929267
minMapCoverage:	0.3539277
shortestPathHeadingChanges:	8
minHeadingChanges:	4
