sx:	80
sy:	103
ex:	133
ey:	23
shortestPathLength:	97.73392
straightLineDistance:	95.96353
directness:	1.0184485
distanceCoverage:	0.43497735
minMapCoverage:	0.44300205
shortestPathHeadingChanges:	5
minHeadingChanges:	3
