sx:	80
sy:	11
ex:	149
ey:	96
shortestPathLength:	112.14724
straightLineDistance:	109.48059
directness:	1.0243573
distanceCoverage:	0.4962466
minMapCoverage:	0.5083338
shortestPathHeadingChanges:	5
minHeadingChanges:	4
