sx:	85
sy:	101
ex:	132
ey:	105
shortestPathLength:	75.09209
straightLineDistance:	47.169907
directness:	1.591949
distanceCoverage:	0.21380873
minMapCoverage:	0.3403726
shortestPathHeadingChanges:	12
minHeadingChanges:	5
