sx:	89
sy:	122
ex:	46
ey:	70
shortestPathLength:	78.94388
straightLineDistance:	67.47592
directness:	1.1699563
distanceCoverage:	0.30585054
minMapCoverage:	0.35783175
shortestPathHeadingChanges:	8
minHeadingChanges:	5
