sx:	98
sy:	142
ex:	146
ey:	35
shortestPathLength:	151.61098
straightLineDistance:	117.273186
directness:	1.2928017
distanceCoverage:	0.5315684
minMapCoverage:	0.6872125
shortestPathHeadingChanges:	12
minHeadingChanges:	5
