sx:	0
sy:	20
ex:	13
ey:	0
shortestPathLength:	24.264067
straightLineDistance:	23.853722
directness:	1.0172026
distanceCoverage:	0.84335643
minMapCoverage:	0.8578643
shortestPathHeadingChanges:	5
minHeadingChanges:	4
