sx:	1
sy:	12
ex:	15
ey:	4
shortestPathLength:	16.179037
straightLineDistance:	16.124516
directness:	1.0033813
distanceCoverage:	0.57008773
minMapCoverage:	0.57201535
shortestPathHeadingChanges:	3
minHeadingChanges:	3
