sx:	1
sy:	14
ex:	14
ey:	12
shortestPathLength:	13.161278
straightLineDistance:	13.152946
directness:	1.0006334
distanceCoverage:	0.4650269
minMapCoverage:	0.46532145
shortestPathHeadingChanges:	3
minHeadingChanges:	3
