sx:	19
sy:	12
ex:	3
ey:	15
shortestPathLength:	16.546959
straightLineDistance:	16.27882
directness:	1.0164716
distanceCoverage:	0.5755432
minMapCoverage:	0.58502334
shortestPathHeadingChanges:	3
minHeadingChanges:	3
