sx:	19
sy:	18
ex:	7
ey:	10
shortestPathLength:	14.601471
straightLineDistance:	14.422205
directness:	1.0124298
distanceCoverage:	0.50990194
minMapCoverage:	0.51623994
shortestPathHeadingChanges:	3
minHeadingChanges:	3
