sx:	2
sy:	17
ex:	19
ey:	10
shortestPathLength:	18.652477
straightLineDistance:	18.384777
directness:	1.0145609
distanceCoverage:	0.65000004
minMapCoverage:	0.65946466
shortestPathHeadingChanges:	3
minHeadingChanges:	3
