sx:	7
sy:	10
ex:	18
ey:	12
shortestPathLength:	11.198039
straightLineDistance:	11.18034
directness:	1.0015831
distanceCoverage:	0.3952847
minMapCoverage:	0.39591047
shortestPathHeadingChanges:	3
minHeadingChanges:	3
