sx:	102
sy:	58
ex:	59
ey:	132
shortestPathLength:	128.75143
straightLineDistance:	85.58621
directness:	1.5043478
distanceCoverage:	0.36901578
minMapCoverage:	0.5551281
shortestPathHeadingChanges:	13
minHeadingChanges:	7
