sx:	102
sy:	79
ex:	52
ey:	17
shortestPathLength:	101.36977
straightLineDistance:	79.64923
directness:	1.2727023
distanceCoverage:	0.34341773
minMapCoverage:	0.43706858
shortestPathHeadingChanges:	12
minHeadingChanges:	6
