sx:	109
sy:	145
ex:	54
ey:	114
shortestPathLength:	98.89172
straightLineDistance:	63.134777
directness:	1.5663589
distanceCoverage:	0.27221358
minMapCoverage:	0.42638418
shortestPathHeadingChanges:	18
minHeadingChanges:	6
