sx:	113
sy:	150
ex:	67
ey:	134
shortestPathLength:	65.81026
straightLineDistance:	48.703182
directness:	1.3512517
distanceCoverage:	0.20998994
minMapCoverage:	0.28374925
shortestPathHeadingChanges:	13
minHeadingChanges:	5
