sx:	114
sy:	48
ex:	10
ey:	107
shortestPathLength:	148.36382
straightLineDistance:	119.57006
directness:	1.2408108
distanceCoverage:	0.51554143
minMapCoverage:	0.6396894
shortestPathHeadingChanges:	13
minHeadingChanges:	7
