sx:	117
sy:	104
ex:	32
ey:	46
shortestPathLength:	180.45787
straightLineDistance:	102.90287
directness:	1.7536719
distanceCoverage:	0.44367877
minMapCoverage:	0.77806693
shortestPathHeadingChanges:	16
minHeadingChanges:	7
