sx:	117
sy:	26
ex:	44
ey:	108
shortestPathLength:	155.96649
straightLineDistance:	109.786156
directness:	1.4206389
distanceCoverage:	0.4733569
minMapCoverage:	0.67246926
shortestPathHeadingChanges:	14
minHeadingChanges:	7
