sx:	119
sy:	57
ex:	40
ey:	113
shortestPathLength:	152.7021
straightLineDistance:	96.83491
directness:	1.5769324
distanceCoverage:	0.41751596
minMapCoverage:	0.65839446
shortestPathHeadingChanges:	14
minHeadingChanges:	9
