sx:	120
sy:	10
ex:	48
ey:	81
shortestPathLength:	128.50114
straightLineDistance:	101.118744
directness:	1.2707945
distanceCoverage:	0.43598628
minMapCoverage:	0.55404896
shortestPathHeadingChanges:	8
minHeadingChanges:	6
