sx:	123
sy:	61
ex:	47
ey:	21
shortestPathLength:	109.62082
straightLineDistance:	85.883644
directness:	1.2763876
distanceCoverage:	0.3702982
minMapCoverage:	0.47264403
shortestPathHeadingChanges:	12
minHeadingChanges:	6
