sx:	126
sy:	100
ex:	0
ey:	108
shortestPathLength:	144.51997
straightLineDistance:	126.253716
directness:	1.144679
distanceCoverage:	0.54435885
minMapCoverage:	0.62311614
shortestPathHeadingChanges:	9
minHeadingChanges:	7
