sx:	128
sy:	26
ex:	137
ey:	120
shortestPathLength:	108.09212
straightLineDistance:	94.42987
directness:	1.1446815
distanceCoverage:	0.40714633
minMapCoverage:	0.46605286
shortestPathHeadingChanges:	8
minHeadingChanges:	5
