sx:	140
sy:	140
ex:	20
ey:	37
shortestPathLength:	199.40593
straightLineDistance:	158.14233
directness:	1.260927
distanceCoverage:	0.6818507
minMapCoverage:	0.8597639
shortestPathHeadingChanges:	23
minHeadingChanges:	9
