sx:	140
sy:	141
ex:	140
ey:	54
shortestPathLength:	102.13399
straightLineDistance:	87.0
directness:	1.1739539
distanceCoverage:	0.37511152
minMapCoverage:	0.44036362
shortestPathHeadingChanges:	12
minHeadingChanges:	6
