sx:	141
sy:	137
ex:	84
ey:	103
shortestPathLength:	109.53661
straightLineDistance:	66.37017
directness:	1.6503892
distanceCoverage:	0.2861634
minMapCoverage:	0.47228098
shortestPathHeadingChanges:	14
minHeadingChanges:	7
