sx:	145
sy:	151
ex:	110
ey:	81
shortestPathLength:	91.50655
straightLineDistance:	78.26238
directness:	1.1692278
distanceCoverage:	0.33743817
minMapCoverage:	0.3945421
shortestPathHeadingChanges:	9
minHeadingChanges:	4
