sx:	146
sy:	126
ex:	25
ey:	116
shortestPathLength:	163.568
straightLineDistance:	121.41252
directness:	1.3472086
distanceCoverage:	0.5234855
minMapCoverage:	0.7052441
shortestPathHeadingChanges:	18
minHeadingChanges:	9
