sx:	148
sy:	31
ex:	161
ey:	124
shortestPathLength:	95.19667
straightLineDistance:	93.904205
directness:	1.0137637
distanceCoverage:	0.40487987
minMapCoverage:	0.41045249
shortestPathHeadingChanges:	6
minHeadingChanges:	4
