sx:	155
sy:	144
ex:	36
ey:	5
shortestPathLength:	197.32936
straightLineDistance:	182.98088
directness:	1.0784152
distanceCoverage:	0.78894526
minMapCoverage:	0.8508105
shortestPathHeadingChanges:	17
minHeadingChanges:	7
