sx:	156
sy:	109
ex:	12
ey:	99
shortestPathLength:	164.59764
straightLineDistance:	144.3468
directness:	1.140293
distanceCoverage:	0.6223695
minMapCoverage:	0.7096836
shortestPathHeadingChanges:	16
minHeadingChanges:	7
