sx:	164
sy:	42
ex:	7
ey:	57
shortestPathLength:	173.50822
straightLineDistance:	157.71494
directness:	1.1001382
distanceCoverage:	0.68000793
minMapCoverage:	0.74810266
shortestPathHeadingChanges:	19
minHeadingChanges:	8
