sx:	17
sy:	70
ex:	149
ey:	61
shortestPathLength:	147.85068
straightLineDistance:	132.30646
directness:	1.1174865
distanceCoverage:	0.570456
minMapCoverage:	0.6374769
shortestPathHeadingChanges:	13
minHeadingChanges:	6
