sx:	19
sy:	16
ex:	111
ey:	7
shortestPathLength:	99.02935
straightLineDistance:	92.43917
directness:	1.071292
distanceCoverage:	0.39856318
minMapCoverage:	0.42697757
shortestPathHeadingChanges:	10
minHeadingChanges:	5
