sx:	21
sy:	66
ex:	32
ey:	62
shortestPathLength:	59.702698
straightLineDistance:	11.7046995
directness:	5.1007457
distanceCoverage:	0.050466295
minMapCoverage:	0.25741574
shortestPathHeadingChanges:	12
minHeadingChanges:	5
