sx:	22
sy:	91
ex:	70
ey:	147
shortestPathLength:	86.185394
straightLineDistance:	73.756355
directness:	1.1685148
distanceCoverage:	0.31800985
minMapCoverage:	0.37159923
shortestPathHeadingChanges:	10
minHeadingChanges:	4
