sx:	23
sy:	42
ex:	126
ey:	49
shortestPathLength:	152.80571
straightLineDistance:	103.23759
directness:	1.4801364
distanceCoverage:	0.4451219
minMapCoverage:	0.6588412
shortestPathHeadingChanges:	20
minHeadingChanges:	8
