sx:	23
sy:	79
ex:	58
ey:	153
shortestPathLength:	94.85642
straightLineDistance:	81.859634
directness:	1.1587692
distanceCoverage:	0.3529482
minMapCoverage:	0.40898547
shortestPathHeadingChanges:	7
minHeadingChanges:	4
