sx:	30
sy:	152
ex:	82
ey:	110
shortestPathLength:	66.99173
straightLineDistance:	66.8431
directness:	1.0022235
distanceCoverage:	0.2882025
minMapCoverage:	0.28884333
shortestPathHeadingChanges:	4
minHeadingChanges:	4
