sx:	37
sy:	111
ex:	149
ey:	92
shortestPathLength:	126.68233
straightLineDistance:	113.600174
directness:	1.1151596
distanceCoverage:	0.48980153
minMapCoverage:	0.5462069
shortestPathHeadingChanges:	10
minHeadingChanges:	7
