sx:	39
sy:	130
ex:	62
ey:	98
shortestPathLength:	64.078026
straightLineDistance:	39.40812
directness:	1.6260108
distanceCoverage:	0.1699131
minMapCoverage:	0.27628052
shortestPathHeadingChanges:	8
minHeadingChanges:	6
