sx:	39
sy:	50
ex:	145
ey:	138
shortestPathLength:	184.15184
straightLineDistance:	137.76791
directness:	1.3366816
distanceCoverage:	0.5940038
minMapCoverage:	0.79399395
shortestPathHeadingChanges:	21
minHeadingChanges:	9
