sx:	44
sy:	17
ex:	65
ey:	41
shortestPathLength:	53.55814
straightLineDistance:	31.890438
directness:	1.6794419
distanceCoverage:	0.13749966
minMapCoverage:	0.2309227
shortestPathHeadingChanges:	10
minHeadingChanges:	4
