sx:	53
sy:	37
ex:	100
ey:	133
shortestPathLength:	132.30832
straightLineDistance:	106.887794
directness:	1.2378244
distanceCoverage:	0.46086025
minMapCoverage:	0.5704641
shortestPathHeadingChanges:	8
minHeadingChanges:	5
