sx:	54
sy:	46
ex:	127
ey:	164
shortestPathLength:	176.02377
straightLineDistance:	138.75517
directness:	1.2685925
distanceCoverage:	0.5982605
minMapCoverage:	0.7589488
shortestPathHeadingChanges:	20
minHeadingChanges:	7
