sx:	60
sy:	146
ex:	153
ey:	153
shortestPathLength:	94.64177
straightLineDistance:	93.26307
directness:	1.0147829
distanceCoverage:	0.40211552
minMapCoverage:	0.40805998
shortestPathHeadingChanges:	7
minHeadingChanges:	6
