sx:	69
sy:	4
ex:	79
ey:	162
shortestPathLength:	191.15697
straightLineDistance:	158.31615
directness:	1.2074382
distanceCoverage:	0.6826001
minMapCoverage:	0.8241975
shortestPathHeadingChanges:	19
minHeadingChanges:	6
