sx:	69
sy:	8
ex:	107
ey:	21
shortestPathLength:	42.307087
straightLineDistance:	40.16217
directness:	1.0534064
distanceCoverage:	0.17316428
minMapCoverage:	0.18241236
shortestPathHeadingChanges:	3
minHeadingChanges:	3
