sx:	70
sy:	3
ex:	36
ey:	140
shortestPathLength:	153.99121
straightLineDistance:	141.15594
directness:	1.0909297
distanceCoverage:	0.6086117
minMapCoverage:	0.6639526
shortestPathHeadingChanges:	12
minHeadingChanges:	6
