sx:	73
sy:	164
ex:	153
ey:	157
shortestPathLength:	87.45111
straightLineDistance:	80.305664
directness:	1.0889782
distanceCoverage:	0.34624803
minMapCoverage:	0.37705654
shortestPathHeadingChanges:	7
minHeadingChanges:	5
