sx:	76
sy:	41
ex:	29
ey:	150
shortestPathLength:	139.03064
straightLineDistance:	118.70131
directness:	1.1712645
distanceCoverage:	0.5117957
minMapCoverage:	0.5994482
shortestPathHeadingChanges:	13
minHeadingChanges:	7
