sx:	78
sy:	96
ex:	68
ey:	134
shortestPathLength:	39.401756
straightLineDistance:	39.293766
directness:	1.0027483
distanceCoverage:	0.16942005
minMapCoverage:	0.16988567
shortestPathHeadingChanges:	3
minHeadingChanges:	3
