sx:	8
sy:	105
ex:	92
ey:	48
shortestPathLength:	118.42817
straightLineDistance:	101.51354
directness:	1.1666243
distanceCoverage:	0.4376885
minMapCoverage:	0.51061803
shortestPathHeadingChanges:	8
minHeadingChanges:	6
