sx:	81
sy:	55
ex:	32
ey:	81
shortestPathLength:	82.10501
straightLineDistance:	55.470715
directness:	1.4801506
distanceCoverage:	0.239169
minMapCoverage:	0.35400614
shortestPathHeadingChanges:	9
minHeadingChanges:	7
