sx:	83
sy:	155
ex:	113
ey:	11
shortestPathLength:	162.74146
straightLineDistance:	147.09181
directness:	1.1063937
distanceCoverage:	0.634205
minMapCoverage:	0.70168036
shortestPathHeadingChanges:	13
minHeadingChanges:	6
