sx:	87
sy:	16
ex:	82
ey:	159
shortestPathLength:	178.37897
straightLineDistance:	143.08739
directness:	1.2466435
distanceCoverage:	0.61693937
minMapCoverage:	0.7691035
shortestPathHeadingChanges:	14
minHeadingChanges:	7
