sx:	96
sy:	136
ex:	89
ey:	57
shortestPathLength:	105.639435
straightLineDistance:	79.30952
directness:	1.3319894
distanceCoverage:	0.341953
minMapCoverage:	0.4554778
shortestPathHeadingChanges:	11
minHeadingChanges:	7
