sx:	13
sy:	40
ex:	87
ey:	35
shortestPathLength:	90.04903
straightLineDistance:	74.168724
directness:	1.2141105
distanceCoverage:	0.6633852
minMapCoverage:	0.80542296
shortestPathHeadingChanges:	22
minHeadingChanges:	14
