sx:	16
sy:	19
ex:	46
ey:	37
shortestPathLength:	42.756832
straightLineDistance:	34.98571
directness:	1.2221228
distanceCoverage:	0.3129217
minMapCoverage:	0.38242874
shortestPathHeadingChanges:	11
minHeadingChanges:	8
