sx:	17
sy:	7
ex:	5
ey:	10
shortestPathLength:	12.369316
straightLineDistance:	12.369317
directness:	0.99999994
distanceCoverage:	0.110634536
minMapCoverage:	0.11063453
shortestPathHeadingChanges:	3
minHeadingChanges:	2
