sx:	19
sy:	41
ex:	8
ey:	34
shortestPathLength:	15.077686
straightLineDistance:	13.038404
directness:	1.1564058
distanceCoverage:	0.116619036
minMapCoverage:	0.13485892
shortestPathHeadingChanges:	6
minHeadingChanges:	6
