sx:	21
sy:	41
ex:	19
ey:	38
shortestPathLength:	3.828427
straightLineDistance:	3.6055512
directness:	1.0618147
distanceCoverage:	0.03224903
minMapCoverage:	0.034242492
shortestPathHeadingChanges:	3
minHeadingChanges:	3
