sx:	22
sy:	27
ex:	88
ey:	2
shortestPathLength:	76.177086
straightLineDistance:	70.5762
directness:	1.0793594
distanceCoverage:	0.63125277
minMapCoverage:	0.68134856
shortestPathHeadingChanges:	19
minHeadingChanges:	13
