sx:	22
sy:	43
ex:	97
ey:	31
shortestPathLength:	86.3299
straightLineDistance:	75.95393
directness:	1.1366087
distanceCoverage:	0.67935264
minMapCoverage:	0.77215815
shortestPathHeadingChanges:	20
minHeadingChanges:	12
