sx:	24
sy:	1
ex:	2
ey:	6
shortestPathLength:	28.770126
straightLineDistance:	22.561028
directness:	1.2752135
distanceCoverage:	0.20179197
minMapCoverage:	0.25732782
shortestPathHeadingChanges:	8
minHeadingChanges:	6
