sx:	24
sy:	26
ex:	20
ey:	16
shortestPathLength:	11.728657
straightLineDistance:	10.770329
directness:	1.0889784
distanceCoverage:	0.09633276
minMapCoverage:	0.104904294
shortestPathHeadingChanges:	4
minHeadingChanges:	4
