sx:	28
sy:	24
ex:	74
ey:	22
shortestPathLength:	48.783478
straightLineDistance:	46.043457
directness:	1.0595094
distanceCoverage:	0.4118252
minMapCoverage:	0.4363327
shortestPathHeadingChanges:	13
minHeadingChanges:	8
