sx:	34
sy:	21
ex:	60
ey:	18
shortestPathLength:	29.540482
straightLineDistance:	26.172504
directness:	1.1286838
distanceCoverage:	0.234094
minMapCoverage:	0.2642181
shortestPathHeadingChanges:	8
minHeadingChanges:	6
