sx:	35
sy:	12
ex:	52
ey:	22
shortestPathLength:	28.008766
straightLineDistance:	19.723083
directness:	1.4201008
distanceCoverage:	0.17640862
minMapCoverage:	0.25051802
shortestPathHeadingChanges:	9
minHeadingChanges:	7
