sx:	37
sy:	41
ex:	16
ey:	22
shortestPathLength:	34.881725
straightLineDistance:	28.319605
directness:	1.2317165
distanceCoverage:	0.25329825
minMapCoverage:	0.31199163
shortestPathHeadingChanges:	10
minHeadingChanges:	7
