sx:	38
sy:	45
ex:	46
ey:	23
shortestPathLength:	27.062376
straightLineDistance:	23.409399
directness:	1.1560475
distanceCoverage:	0.20938003
minMapCoverage:	0.24205326
shortestPathHeadingChanges:	7
minHeadingChanges:	6
