sx:	39
sy:	14
ex:	65
ey:	24
shortestPathLength:	38.15671
straightLineDistance:	27.856777
directness:	1.3697461
distanceCoverage:	0.24915859
minMapCoverage:	0.341284
shortestPathHeadingChanges:	13
minHeadingChanges:	9
