sx:	4
sy:	41
ex:	3
ey:	37
shortestPathLength:	5.2426405
straightLineDistance:	4.1231055
directness:	1.2715272
distanceCoverage:	0.036878176
minMapCoverage:	0.046891604
shortestPathHeadingChanges:	4
minHeadingChanges:	4
