sx:	41
sy:	0
ex:	77
ey:	35
shortestPathLength:	70.74161
straightLineDistance:	50.20956
directness:	1.4089271
distanceCoverage:	0.44908798
minMapCoverage:	0.63273215
shortestPathHeadingChanges:	17
minHeadingChanges:	12
