sx:	41
sy:	19
ex:	37
ey:	24
shortestPathLength:	8.09902
straightLineDistance:	6.4031243
directness:	1.2648544
distanceCoverage:	0.057271287
minMapCoverage:	0.072439834
shortestPathHeadingChanges:	4
minHeadingChanges:	4
