sx:	47
sy:	0
ex:	44
ey:	14
shortestPathLength:	29.781418
straightLineDistance:	14.3178215
directness:	2.0800245
distanceCoverage:	0.12806249
minMapCoverage:	0.2663731
shortestPathHeadingChanges:	9
minHeadingChanges:	6
