sx:	49
sy:	39
ex:	34
ey:	1
shortestPathLength:	43.192997
straightLineDistance:	40.853397
directness:	1.0572681
distanceCoverage:	0.3654039
minMapCoverage:	0.38632992
shortestPathHeadingChanges:	12
minHeadingChanges:	9
