sx:	54
sy:	25
ex:	81
ey:	7
shortestPathLength:	40.285393
straightLineDistance:	32.449963
directness:	1.2414619
distanceCoverage:	0.2902413
minMapCoverage:	0.36032352
shortestPathHeadingChanges:	10
minHeadingChanges:	6
