sx:	58
sy:	28
ex:	35
ey:	4
shortestPathLength:	40.575962
straightLineDistance:	33.24154
directness:	1.2206403
distanceCoverage:	0.29732138
minMapCoverage:	0.36292243
shortestPathHeadingChanges:	11
minHeadingChanges:	9
