sx:	58
sy:	38
ex:	16
ey:	23
shortestPathLength:	51.747536
straightLineDistance:	44.598206
directness:	1.1603054
distanceCoverage:	0.39889848
minMapCoverage:	0.46284404
shortestPathHeadingChanges:	13
minHeadingChanges:	10
