sx:	61
sy:	37
ex:	97
ey:	32
shortestPathLength:	49.04025
straightLineDistance:	36.345562
directness:	1.3492775
distanceCoverage:	0.3250846
minMapCoverage:	0.43862933
shortestPathHeadingChanges:	12
minHeadingChanges:	7
