sx:	65
sy:	20
ex:	56
ey:	0
shortestPathLength:	38.437416
straightLineDistance:	21.931713
directness:	1.7525952
distanceCoverage:	0.1961632
minMapCoverage:	0.3437947
shortestPathHeadingChanges:	13
minHeadingChanges:	9
