sx:	7
sy:	18
ex:	14
ey:	28
shortestPathLength:	12.275597
straightLineDistance:	12.206555
directness:	1.0056561
distanceCoverage:	0.10917875
minMapCoverage:	0.10979628
shortestPathHeadingChanges:	5
minHeadingChanges:	4
