sx:	72
sy:	8
ex:	95
ey:	47
shortestPathLength:	56.744755
straightLineDistance:	45.276924
directness:	1.2532821
distanceCoverage:	0.40496913
minMapCoverage:	0.5075405
shortestPathHeadingChanges:	11
minHeadingChanges:	9
