sx:	73
sy:	31
ex:	33
ey:	35
shortestPathLength:	45.032303
straightLineDistance:	40.1995
directness:	1.1202204
distanceCoverage:	0.35955527
minMapCoverage:	0.40278116
shortestPathHeadingChanges:	8
minHeadingChanges:	8
