sx:	74
sy:	44
ex:	79
ey:	15
shortestPathLength:	37.29091
straightLineDistance:	29.427877
directness:	1.2671967
distanceCoverage:	0.26321095
minMapCoverage:	0.33354002
shortestPathHeadingChanges:	10
minHeadingChanges:	7
