sx:	76
sy:	6
ex:	68
ey:	19
shortestPathLength:	15.947128
straightLineDistance:	15.264338
directness:	1.0447311
distanceCoverage:	0.13652839
minMapCoverage:	0.14263545
shortestPathHeadingChanges:	4
minHeadingChanges:	4
