sx:	81
sy:	23
ex:	32
ey:	14
shortestPathLength:	54.50681
straightLineDistance:	49.819675
directness:	1.094082
distanceCoverage:	0.44560072
minMapCoverage:	0.48752373
shortestPathHeadingChanges:	14
minHeadingChanges:	9
