sx:	82
sy:	16
ex:	78
ey:	27
shortestPathLength:	20.134804
straightLineDistance:	11.7046995
directness:	1.7202325
distanceCoverage:	0.104690015
minMapCoverage:	0.18009116
shortestPathHeadingChanges:	5
minHeadingChanges:	3
