sx:	85
sy:	46
ex:	59
ey:	36
shortestPathLength:	46.848106
straightLineDistance:	27.856777
directness:	1.681749
distanceCoverage:	0.24915859
minMapCoverage:	0.4190222
shortestPathHeadingChanges:	14
minHeadingChanges:	8
