sx:	9
sy:	8
ex:	14
ey:	4
shortestPathLength:	6.8416195
straightLineDistance:	6.4031243
directness:	1.0684814
distanceCoverage:	0.057271287
minMapCoverage:	0.061193306
shortestPathHeadingChanges:	4
minHeadingChanges:	3
