sx:	90
sy:	7
ex:	92
ey:	15
shortestPathLength:	10.828426
straightLineDistance:	8.246211
directness:	1.3131396
distanceCoverage:	0.07375635
minMapCoverage:	0.09685239
shortestPathHeadingChanges:	5
minHeadingChanges:	4
