sx:	95
sy:	23
ex:	97
ey:	49
shortestPathLength:	45.32672
straightLineDistance:	26.076809
directness:	1.7382004
distanceCoverage:	0.23323807
minMapCoverage:	0.40541452
shortestPathHeadingChanges:	10
minHeadingChanges:	9
