sx:	98
sy:	22
ex:	85
ey:	38
shortestPathLength:	21.687376
straightLineDistance:	20.615528
directness:	1.0519923
distanceCoverage:	0.18439089
minMapCoverage:	0.19397779
shortestPathHeadingChanges:	5
minHeadingChanges:	5
