sx:	10
sy:	18
ex:	78
ey:	0
shortestPathLength:	71.43151
straightLineDistance:	70.34202
directness:	1.0154885
distanceCoverage:	0.62915814
minMapCoverage:	0.63890284
shortestPathHeadingChanges:	9
minHeadingChanges:	6
