sx:	13
sy:	40
ex:	16
ey:	10
shortestPathLength:	31.689577
straightLineDistance:	30.149628
directness:	1.0510769
distanceCoverage:	0.26966646
minMapCoverage:	0.2834402
shortestPathHeadingChanges:	7
minHeadingChanges:	5
