sx:	14
sy:	38
ex:	6
ey:	12
shortestPathLength:	33.148773
straightLineDistance:	27.202942
directness:	1.2185731
distanceCoverage:	0.24331051
minMapCoverage:	0.29649165
shortestPathHeadingChanges:	7
minHeadingChanges:	5
