sx:	19
sy:	42
ex:	61
ey:	43
shortestPathLength:	42.071068
straightLineDistance:	42.0119
directness:	1.0014083
distanceCoverage:	0.3757659
minMapCoverage:	0.37629506
shortestPathHeadingChanges:	3
minHeadingChanges:	3
