sx:	25
sy:	6
ex:	51
ey:	34
shortestPathLength:	39.677296
straightLineDistance:	38.209946
directness:	1.0384023
distanceCoverage:	0.34176016
minMapCoverage:	0.35488454
shortestPathHeadingChanges:	6
minHeadingChanges:	3
