sx:	30
sy:	19
ex:	8
ey:	16
shortestPathLength:	22.595995
straightLineDistance:	22.203604
directness:	1.0176724
distanceCoverage:	0.19859508
minMapCoverage:	0.20210472
shortestPathHeadingChanges:	5
minHeadingChanges:	3
