sx:	30
sy:	12
ex:	87
ey:	13
shortestPathLength:	59.431152
straightLineDistance:	57.00877
directness:	1.0424914
distanceCoverage:	0.50990194
minMapCoverage:	0.5315684
shortestPathHeadingChanges:	8
minHeadingChanges:	6
