sx:	32
sy:	1
ex:	62
ey:	26
shortestPathLength:	40.058807
straightLineDistance:	39.051247
directness:	1.025801
distanceCoverage:	0.34928498
minMapCoverage:	0.35829687
shortestPathHeadingChanges:	6
minHeadingChanges:	5
