sx:	36
sy:	17
ex:	29
ey:	8
shortestPathLength:	11.46762
straightLineDistance:	11.401754
directness:	1.0057768
distanceCoverage:	0.101980396
minMapCoverage:	0.10256951
shortestPathHeadingChanges:	4
minHeadingChanges:	3
