sx:	36
sy:	12
ex:	33
ey:	15
shortestPathLength:	5.1622777
straightLineDistance:	4.2426405
directness:	1.2167606
distanceCoverage:	0.03794733
minMapCoverage:	0.046172816
shortestPathHeadingChanges:	3
minHeadingChanges:	3
