sx:	36
sy:	2
ex:	71
ey:	17
shortestPathLength:	42.849373
straightLineDistance:	38.078865
directness:	1.1252797
distanceCoverage:	0.34058774
minMapCoverage:	0.38325644
shortestPathHeadingChanges:	10
minHeadingChanges:	3
