sx:	37
sy:	44
ex:	72
ey:	2
shortestPathLength:	54.988594
straightLineDistance:	54.67175
directness:	1.0057954
distanceCoverage:	0.48899898
minMapCoverage:	0.49183294
shortestPathHeadingChanges:	8
minHeadingChanges:	4
