sx:	39
sy:	27
ex:	32
ey:	26
shortestPathLength:	7.0990195
straightLineDistance:	7.071068
directness:	1.003953
distanceCoverage:	0.06324556
minMapCoverage:	0.06349556
shortestPathHeadingChanges:	3
minHeadingChanges:	3
