sx:	44
sy:	50
ex:	45
ey:	13
shortestPathLength:	37.543205
straightLineDistance:	37.01351
directness:	1.0143108
distanceCoverage:	0.33105892
minMapCoverage:	0.33579662
shortestPathHeadingChanges:	5
minHeadingChanges:	4
