sx:	45
sy:	25
ex:	80
ey:	27
shortestPathLength:	38.913063
straightLineDistance:	35.057095
directness:	1.1099911
distanceCoverage:	0.3135602
minMapCoverage:	0.348049
shortestPathHeadingChanges:	8
minHeadingChanges:	6
