sx:	47
sy:	9
ex:	11
ey:	44
shortestPathLength:	50.908546
straightLineDistance:	50.20956
directness:	1.0139214
distanceCoverage:	0.44908798
minMapCoverage:	0.45533988
shortestPathHeadingChanges:	5
minHeadingChanges:	4
