sx:	49
sy:	19
ex:	54
ey:	26
shortestPathLength:	10.605551
straightLineDistance:	8.602325
directness:	1.2328702
distanceCoverage:	0.076941535
minMapCoverage:	0.09485893
shortestPathHeadingChanges:	4
minHeadingChanges:	3
