sx:	5
sy:	23
ex:	54
ey:	41
shortestPathLength:	54.850727
straightLineDistance:	52.201534
directness:	1.0507493
distanceCoverage:	0.46690473
minMapCoverage:	0.4905998
shortestPathHeadingChanges:	9
minHeadingChanges:	4
