sx:	56
sy:	49
ex:	20
ey:	3
shortestPathLength:	59.089195
straightLineDistance:	58.412327
directness:	1.0115877
distanceCoverage:	0.52245575
minMapCoverage:	0.52850986
shortestPathHeadingChanges:	8
minHeadingChanges:	6
