sx:	59
sy:	39
ex:	86
ey:	31
shortestPathLength:	28.308193
straightLineDistance:	28.160255
directness:	1.0052534
distanceCoverage:	0.251873
minMapCoverage:	0.25319618
shortestPathHeadingChanges:	4
minHeadingChanges:	4
