sx:	6
sy:	17
ex:	39
ey:	3
shortestPathLength:	36.365585
straightLineDistance:	35.846897
directness:	1.0144695
distanceCoverage:	0.3206244
minMapCoverage:	0.32526368
shortestPathHeadingChanges:	7
minHeadingChanges:	5
