sx:	61
sy:	28
ex:	44
ey:	21
shortestPathLength:	20.703995
straightLineDistance:	18.384777
directness:	1.1261488
distanceCoverage:	0.16443844
minMapCoverage:	0.18518215
shortestPathHeadingChanges:	6
minHeadingChanges:	4
