sx:	61
sy:	3
ex:	3
ey:	17
shortestPathLength:	66.931076
straightLineDistance:	59.665737
directness:	1.1217674
distanceCoverage:	0.53366655
minMapCoverage:	0.59864974
shortestPathHeadingChanges:	9
minHeadingChanges:	5
