sx:	66
sy:	49
ex:	14
ey:	16
shortestPathLength:	63.23384
straightLineDistance:	61.587337
directness:	1.0267345
distanceCoverage:	0.5508539
minMapCoverage:	0.56558067
shortestPathHeadingChanges:	10
minHeadingChanges:	5
