sx:	67
sy:	3
ex:	27
ey:	46
shortestPathLength:	59.28697
straightLineDistance:	58.728188
directness:	1.0095147
distanceCoverage:	0.5252809
minMapCoverage:	0.53027874
shortestPathHeadingChanges:	7
minHeadingChanges:	5
