sx:	68
sy:	5
ex:	45
ey:	47
shortestPathLength:	50.718468
straightLineDistance:	47.88528
directness:	1.0591662
distanceCoverage:	0.42829898
minMapCoverage:	0.45363978
shortestPathHeadingChanges:	9
minHeadingChanges:	4
