sx:	69
sy:	13
ex:	96
ey:	22
shortestPathLength:	37.575447
straightLineDistance:	28.460499
directness:	1.3202666
distanceCoverage:	0.25455844
minMapCoverage:	0.33608502
shortestPathHeadingChanges:	11
minHeadingChanges:	6
