sx:	69
sy:	13
ex:	7
ey:	49
shortestPathLength:	73.12023
straightLineDistance:	71.693794
directness:	1.0198963
distanceCoverage:	0.6412488
minMapCoverage:	0.65400726
shortestPathHeadingChanges:	9
minHeadingChanges:	5
