sx:	70
sy:	44
ex:	52
ey:	17
shortestPathLength:	33.321877
straightLineDistance:	32.449963
directness:	1.0268695
distanceCoverage:	0.2902413
minMapCoverage:	0.2980399
shortestPathHeadingChanges:	5
minHeadingChanges:	4
