sx:	72
sy:	24
ex:	12
ey:	34
shortestPathLength:	67.542114
straightLineDistance:	60.827625
directness:	1.1103855
distanceCoverage:	0.5440588
minMapCoverage:	0.60411507
shortestPathHeadingChanges:	9
minHeadingChanges:	6
