sx:	72
sy:	32
ex:	57
ey:	17
shortestPathLength:	22.177628
straightLineDistance:	21.213203
directness:	1.0454634
distanceCoverage:	0.18973666
minMapCoverage:	0.19836274
shortestPathHeadingChanges:	6
minHeadingChanges:	4
