sx:	72
sy:	30
ex:	88
ey:	45
shortestPathLength:	25.323164
straightLineDistance:	21.931713
directness:	1.1546369
distanceCoverage:	0.1961632
minMapCoverage:	0.22649726
shortestPathHeadingChanges:	6
minHeadingChanges:	4
