sx:	76
sy:	43
ex:	34
ey:	27
shortestPathLength:	45.84773
straightLineDistance:	44.94441
directness:	1.0200986
distanceCoverage:	0.401995
minMapCoverage:	0.41007456
shortestPathHeadingChanges:	10
minHeadingChanges:	6
