sx:	86
sy:	12
ex:	25
ey:	29
shortestPathLength:	65.129265
straightLineDistance:	63.324562
directness:	1.0284992
distanceCoverage:	0.5663921
minMapCoverage:	0.58253384
shortestPathHeadingChanges:	10
minHeadingChanges:	6
