sx:	86
sy:	20
ex:	95
ey:	46
shortestPathLength:	29.417944
straightLineDistance:	27.513634
directness:	1.0692133
distanceCoverage:	0.24608943
minMapCoverage:	0.26312208
shortestPathHeadingChanges:	8
minHeadingChanges:	5
