sx:	91
sy:	10
ex:	73
ey:	26
shortestPathLength:	29.562126
straightLineDistance:	24.083189
directness:	1.2275004
distanceCoverage:	0.2154066
minMapCoverage:	0.2644117
shortestPathHeadingChanges:	8
minHeadingChanges:	6
