sx:	91
sy:	44
ex:	49
ey:	14
shortestPathLength:	52.257996
straightLineDistance:	51.613953
directness:	1.0124781
distanceCoverage:	0.46164924
minMapCoverage:	0.46740973
shortestPathHeadingChanges:	7
minHeadingChanges:	5
