sx:	0
sy:	166
ex:	16
ey:	50
shortestPathLength:	117.29742
straightLineDistance:	117.09825
directness:	1.0017009
distanceCoverage:	0.5825856
minMapCoverage:	0.58357644
shortestPathHeadingChanges:	4
minHeadingChanges:	4
