sx:	1
sy:	0
ex:	13
ey:	100
shortestPathLength:	100.81933
straightLineDistance:	100.71743
directness:	1.0010117
distanceCoverage:	0.50108796
minMapCoverage:	0.5015949
shortestPathHeadingChanges:	5
minHeadingChanges:	3
