sx:	1
sy:	110
ex:	15
ey:	165
shortestPathLength:	57.1893
straightLineDistance:	56.753853
directness:	1.0076725
distanceCoverage:	0.28236097
minMapCoverage:	0.2845274
shortestPathHeadingChanges:	4
minHeadingChanges:	3
