sx:	10
sy:	144
ex:	16
ey:	66
shortestPathLength:	78.38368
straightLineDistance:	78.23043
directness:	1.001959
distanceCoverage:	0.38921094
minMapCoverage:	0.3899734
shortestPathHeadingChanges:	7
minHeadingChanges:	3
