sx:	11
sy:	68
ex:	19
ey:	5
shortestPathLength:	63.549637
straightLineDistance:	63.505905
directness:	1.0006887
distanceCoverage:	0.31595367
minMapCoverage:	0.31617126
shortestPathHeadingChanges:	3
minHeadingChanges:	3
