sx:	11
sy:	73
ex:	19
ey:	29
shortestPathLength:	44.818863
straightLineDistance:	44.72136
directness:	1.0021802
distanceCoverage:	0.22249708
minMapCoverage:	0.22298218
shortestPathHeadingChanges:	4
minHeadingChanges:	4
