sx:	12
sy:	112
ex:	15
ey:	76
shortestPathLength:	36.149498
straightLineDistance:	36.124783
directness:	1.0006841
distanceCoverage:	0.17972751
minMapCoverage:	0.17985047
shortestPathHeadingChanges:	3
minHeadingChanges:	3
