sx:	12
sy:	162
ex:	18
ey:	193
shortestPathLength:	31.663946
straightLineDistance:	31.575306
directness:	1.0028073
distanceCoverage:	0.15709302
minMapCoverage:	0.15753402
shortestPathHeadingChanges:	3
minHeadingChanges:	3
