sx:	12
sy:	49
ex:	9
ey:	169
shortestPathLength:	120.21366
straightLineDistance:	120.03749
directness:	1.0014676
distanceCoverage:	0.59720886
minMapCoverage:	0.59808534
shortestPathHeadingChanges:	4
minHeadingChanges:	3
