sx:	13
sy:	55
ex:	9
ey:	23
shortestPathLength:	32.498745
straightLineDistance:	32.24903
directness:	1.0077434
distanceCoverage:	0.16044493
minMapCoverage:	0.1616873
shortestPathHeadingChanges:	4
minHeadingChanges:	3
