sx:	14
sy:	149
ex:	4
ey:	191
shortestPathLength:	43.23327
straightLineDistance:	43.174065
directness:	1.0013713
distanceCoverage:	0.214799
minMapCoverage:	0.21509355
shortestPathHeadingChanges:	3
minHeadingChanges:	3
