sx:	14
sy:	6
ex:	19
ey:	195
shortestPathLength:	189.19041
straightLineDistance:	189.06613
directness:	1.0006573
distanceCoverage:	0.94063914
minMapCoverage:	0.9412575
shortestPathHeadingChanges:	7
minHeadingChanges:	4
