sx:	16
sy:	124
ex:	13
ey:	181
shortestPathLength:	57.085636
straightLineDistance:	57.07889
directness:	1.0001181
distanceCoverage:	0.2839781
minMapCoverage:	0.28401166
shortestPathHeadingChanges:	4
minHeadingChanges:	3
