sx:	16
sy:	39
ex:	1
ey:	142
shortestPathLength:	104.279884
straightLineDistance:	104.0865
directness:	1.0018579
distanceCoverage:	0.5178497
minMapCoverage:	0.5188118
shortestPathHeadingChanges:	7
minHeadingChanges:	4
