sx:	16
sy:	7
ex:	0
ey:	144
shortestPathLength:	138.06923
straightLineDistance:	137.93114
directness:	1.0010011
distanceCoverage:	0.68623304
minMapCoverage:	0.6869201
shortestPathHeadingChanges:	7
minHeadingChanges:	4
