sx:	16
sy:	80
ex:	18
ey:	160
shortestPathLength:	80.15086
straightLineDistance:	80.024994
directness:	1.0015728
distanceCoverage:	0.39813924
minMapCoverage:	0.39876544
shortestPathHeadingChanges:	6
minHeadingChanges:	4
