sx:	16
sy:	95
ex:	1
ey:	83
shortestPathLength:	19.441097
straightLineDistance:	19.209373
directness:	1.012063
distanceCoverage:	0.09557021
minMapCoverage:	0.09672307
shortestPathHeadingChanges:	3
minHeadingChanges:	3
