sx:	17
sy:	33
ex:	13
ey:	60
shortestPathLength:	27.43484
straightLineDistance:	27.294687
directness:	1.0051348
distanceCoverage:	0.13579614
minMapCoverage:	0.13649343
shortestPathHeadingChanges:	4
minHeadingChanges:	3
