sx:	17
sy:	46
ex:	7
ey:	68
shortestPathLength:	24.28011
straightLineDistance:	24.166092
directness:	1.0047181
distanceCoverage:	0.1202308
minMapCoverage:	0.12079806
shortestPathHeadingChanges:	3
minHeadingChanges:	3
