sx:	18
sy:	146
ex:	4
ey:	25
shortestPathLength:	121.95901
straightLineDistance:	121.80723
directness:	1.0012461
distanceCoverage:	0.6060136
minMapCoverage:	0.6067687
shortestPathHeadingChanges:	9
minHeadingChanges:	4
