sx:	19
sy:	159
ex:	8
ey:	39
shortestPathLength:	120.61457
straightLineDistance:	120.50311
directness:	1.000925
distanceCoverage:	0.5995254
minMapCoverage:	0.6000799
shortestPathHeadingChanges:	9
minHeadingChanges:	4
