sx:	19
sy:	182
ex:	1
ey:	154
shortestPathLength:	33.63948
straightLineDistance:	33.286633
directness:	1.0106003
distanceCoverage:	0.16560718
minMapCoverage:	0.16736268
shortestPathHeadingChanges:	4
minHeadingChanges:	4
