sx:	19
sy:	156
ex:	6
ey:	113
shortestPathLength:	44.996185
straightLineDistance:	44.922153
directness:	1.001648
distanceCoverage:	0.22349606
minMapCoverage:	0.22386439
shortestPathHeadingChanges:	4
minHeadingChanges:	3
