sx:	2
sy:	158
ex:	17
ey:	83
shortestPathLength:	76.70657
straightLineDistance:	76.48529
directness:	1.0028931
distanceCoverage:	0.38052854
minMapCoverage:	0.38162947
shortestPathHeadingChanges:	7
minHeadingChanges:	3
