sx:	2
sy:	167
ex:	17
ey:	146
shortestPathLength:	25.835201
straightLineDistance:	25.806976
directness:	1.0010937
distanceCoverage:	0.1283945
minMapCoverage:	0.12853493
shortestPathHeadingChanges:	3
minHeadingChanges:	3
