sx:	20
sy:	110
ex:	17
ey:	19
shortestPathLength:	91.78366
straightLineDistance:	91.04944
directness:	1.008064
distanceCoverage:	0.45298788
minMapCoverage:	0.45664078
shortestPathHeadingChanges:	5
minHeadingChanges:	4
