sx:	20
sy:	66
ex:	19
ey:	181
shortestPathLength:	115.22854
straightLineDistance:	115.00435
directness:	1.0019494
distanceCoverage:	0.572168
minMapCoverage:	0.57328343
shortestPathHeadingChanges:	8
minHeadingChanges:	4
