sx:	4
sy:	113
ex:	0
ey:	169
shortestPathLength:	56.213497
straightLineDistance:	56.142673
directness:	1.0012615
distanceCoverage:	0.27932024
minMapCoverage:	0.2796726
shortestPathHeadingChanges:	4
minHeadingChanges:	4
