sx:	4
sy:	127
ex:	1
ey:	11
shortestPathLength:	116.04944
straightLineDistance:	116.03879
directness:	1.0000918
distanceCoverage:	0.57731456
minMapCoverage:	0.57736754
shortestPathHeadingChanges:	3
minHeadingChanges:	3
