sx:	4
sy:	13
ex:	17
ey:	150
shortestPathLength:	137.93558
straightLineDistance:	137.6154
directness:	1.0023266
distanceCoverage:	0.6846622
minMapCoverage:	0.68625516
shortestPathHeadingChanges:	12
minHeadingChanges:	4
