sx:	5
sy:	65
ex:	14
ey:	46
shortestPathLength:	21.029198
straightLineDistance:	21.023796
directness:	1.0002569
distanceCoverage:	0.10459729
minMapCoverage:	0.10462417
shortestPathHeadingChanges:	3
minHeadingChanges:	3
