sx:	6
sy:	151
ex:	17
ey:	140
shortestPathLength:	15.703172
straightLineDistance:	15.556349
directness:	1.0094382
distanceCoverage:	0.07739573
minMapCoverage:	0.0781262
shortestPathHeadingChanges:	4
minHeadingChanges:	3
