sx:	6
sy:	165
ex:	13
ey:	107
shortestPathLength:	58.6384
straightLineDistance:	58.420887
directness:	1.0037233
distanceCoverage:	0.29065478
minMapCoverage:	0.29173696
shortestPathHeadingChanges:	8
minHeadingChanges:	4
