sx:	9
sy:	127
ex:	8
ey:	160
shortestPathLength:	34.297443
straightLineDistance:	33.01515
directness:	1.0388396
distanceCoverage:	0.1642565
minMapCoverage:	0.17063616
shortestPathHeadingChanges:	6
minHeadingChanges:	3
