sx:	0
sy:	13
ex:	18
ey:	5
shortestPathLength:	31.699284
straightLineDistance:	19.697716
directness:	1.6092873
distanceCoverage:	0.46427962
minMapCoverage:	0.7471593
shortestPathHeadingChanges:	8
minHeadingChanges:	7
