sx:	14
sy:	19
ex:	26
ey:	18
shortestPathLength:	12.694323
straightLineDistance:	12.0415945
directness:	1.0542061
distanceCoverage:	0.2838231
minMapCoverage:	0.29920805
shortestPathHeadingChanges:	5
minHeadingChanges:	4
