sx:	17
sy:	26
ex:	26
ey:	29
shortestPathLength:	13.035446
straightLineDistance:	9.486833
directness:	1.3740567
distanceCoverage:	0.2236068
minMapCoverage:	0.3072484
shortestPathHeadingChanges:	6
minHeadingChanges:	5
