sx:	17
sy:	30
ex:	1
ey:	26
shortestPathLength:	39.431473
straightLineDistance:	16.492422
directness:	2.3908844
distanceCoverage:	0.3887301
minMapCoverage:	0.9294087
shortestPathHeadingChanges:	12
minHeadingChanges:	8
