sx:	18
sy:	9
ex:	23
ey:	11
shortestPathLength:	5.8284273
straightLineDistance:	5.3851647
directness:	1.0823117
distanceCoverage:	0.12692955
minMapCoverage:	0.13737735
shortestPathHeadingChanges:	3
minHeadingChanges:	3
