sx:	19
sy:	29
ex:	7
ey:	22
shortestPathLength:	31.553719
straightLineDistance:	13.892444
directness:	2.2712865
distanceCoverage:	0.32744804
minMapCoverage:	0.7437283
shortestPathHeadingChanges:	12
minHeadingChanges:	9
