sx:	19
sy:	26
ex:	26
ey:	14
shortestPathLength:	16.993587
straightLineDistance:	13.892444
directness:	1.2232252
distanceCoverage:	0.32744804
minMapCoverage:	0.4005427
shortestPathHeadingChanges:	8
minHeadingChanges:	6
