sx:	19
sy:	9
ex:	8
ey:	10
shortestPathLength:	32.175827
straightLineDistance:	11.045361
directness:	2.9130626
distanceCoverage:	0.26034164
minMapCoverage:	0.7583915
shortestPathHeadingChanges:	9
minHeadingChanges:	7
