sx:	2
sy:	29
ex:	13
ey:	13
shortestPathLength:	24.768185
straightLineDistance:	19.416489
directness:	1.2756263
distanceCoverage:	0.45765102
minMapCoverage:	0.58379173
shortestPathHeadingChanges:	10
minHeadingChanges:	8
