sx:	20
sy:	28
ex:	25
ey:	14
shortestPathLength:	19.171732
straightLineDistance:	14.866069
directness:	1.2896303
distanceCoverage:	0.3503966
minMapCoverage:	0.45188206
shortestPathHeadingChanges:	9
minHeadingChanges:	6
