sx:	21
sy:	10
ex:	29
ey:	22
shortestPathLength:	16.38905
straightLineDistance:	14.422205
directness:	1.1363761
distanceCoverage:	0.33993462
minMapCoverage:	0.3862936
shortestPathHeadingChanges:	7
minHeadingChanges:	4
