sx:	21
sy:	1
ex:	10
ey:	21
shortestPathLength:	23.589842
straightLineDistance:	22.825424
directness:	1.0334897
distanceCoverage:	0.5380004
minMapCoverage:	0.5560179
shortestPathHeadingChanges:	7
minHeadingChanges:	4
