sx:	21
sy:	23
ex:	28
ey:	17
shortestPathLength:	15.935664
straightLineDistance:	9.219544
directness:	1.7284654
distanceCoverage:	0.21730675
minMapCoverage:	0.3756072
shortestPathHeadingChanges:	9
minHeadingChanges:	5
