sx:	21
sy:	5
ex:	26
ey:	13
shortestPathLength:	9.472136
straightLineDistance:	9.433981
directness:	1.0040444
distanceCoverage:	0.22236106
minMapCoverage:	0.22326037
shortestPathHeadingChanges:	3
minHeadingChanges:	3
