sx:	22
sy:	6
ex:	1
ey:	8
shortestPathLength:	37.774216
straightLineDistance:	21.095022
directness:	1.7906697
distanceCoverage:	0.49721444
minMapCoverage:	0.8903468
shortestPathHeadingChanges:	10
minHeadingChanges:	8
