sx:	23
sy:	20
ex:	28
ey:	6
shortestPathLength:	17.119696
straightLineDistance:	14.866069
directness:	1.1515954
distanceCoverage:	0.3503966
minMapCoverage:	0.4035151
shortestPathHeadingChanges:	7
minHeadingChanges:	4
