sx:	27
sy:	21
ex:	16
ey:	8
shortestPathLength:	17.744762
straightLineDistance:	17.029387
directness:	1.0420083
distanceCoverage:	0.4013865
minMapCoverage:	0.41824806
shortestPathHeadingChanges:	5
minHeadingChanges:	4
