sx:	27
sy:	6
ex:	29
ey:	24
shortestPathLength:	24.475985
straightLineDistance:	18.110771
directness:	1.3514601
distanceCoverage:	0.42687497
minMapCoverage:	0.5769045
shortestPathHeadingChanges:	9
minHeadingChanges:	5
