sx:	28
sy:	17
ex:	12
ey:	24
shortestPathLength:	24.95694
straightLineDistance:	17.464249
directness:	1.4290303
distanceCoverage:	0.4116363
minMapCoverage:	0.5882407
shortestPathHeadingChanges:	8
minHeadingChanges:	6
