sx:	3
sy:	28
ex:	9
ey:	13
shortestPathLength:	20.435719
straightLineDistance:	16.155495
directness:	1.2649392
distanceCoverage:	0.38078865
minMapCoverage:	0.4816745
shortestPathHeadingChanges:	6
minHeadingChanges:	6
