sx:	30
sy:	29
ex:	24
ey:	28
shortestPathLength:	8.478708
straightLineDistance:	6.0827627
directness:	1.393891
distanceCoverage:	0.14337209
minMapCoverage:	0.19984508
shortestPathHeadingChanges:	5
minHeadingChanges:	4
