sx:	6
sy:	20
ex:	15
ey:	12
shortestPathLength:	13.334208
straightLineDistance:	12.0415945
directness:	1.1073457
distanceCoverage:	0.2838231
minMapCoverage:	0.3142903
shortestPathHeadingChanges:	4
minHeadingChanges:	4
