sx:	8
sy:	12
ex:	29
ey:	3
shortestPathLength:	44.345497
straightLineDistance:	22.847319
directness:	1.9409497
distanceCoverage:	0.53851646
minMapCoverage:	1.0452334
shortestPathHeadingChanges:	10
minHeadingChanges:	9
