sx:	8
sy:	13
ex:	28
ey:	3
shortestPathLength:	42.996468
straightLineDistance:	22.36068
directness:	1.9228605
distanceCoverage:	0.52704626
minMapCoverage:	1.0134364
shortestPathHeadingChanges:	10
minHeadingChanges:	9
