sx:	8
sy:	22
ex:	12
ey:	9
shortestPathLength:	20.052721
straightLineDistance:	13.601471
directness:	1.4743053
distanceCoverage:	0.32058975
minMapCoverage:	0.47264716
shortestPathHeadingChanges:	7
minHeadingChanges:	7
