sx:	0
sy:	52
ex:	29
ey:	36
shortestPathLength:	33.275948
straightLineDistance:	33.12099
directness:	1.0046785
distanceCoverage:	0.17037402
minMapCoverage:	0.17117113
shortestPathHeadingChanges:	4
minHeadingChanges:	3
