sx:	100
sy:	35
ex:	31
ey:	111
shortestPathLength:	114.653694
straightLineDistance:	102.64989
directness:	1.1169393
distanceCoverage:	0.5280299
minMapCoverage:	0.5897774
shortestPathHeadingChanges:	7
minHeadingChanges:	5
