sx:	101
sy:	34
ex:	135
ey:	13
shortestPathLength:	53.81606
straightLineDistance:	39.962482
directness:	1.3466645
distanceCoverage:	0.20556659
minMapCoverage:	0.27682924
shortestPathHeadingChanges:	8
minHeadingChanges:	4
