sx:	104
sy:	111
ex:	87
ey:	26
shortestPathLength:	90.02592
straightLineDistance:	86.683334
directness:	1.0385609
distanceCoverage:	0.44589815
minMapCoverage:	0.46309236
shortestPathHeadingChanges:	3
minHeadingChanges:	3
