sx:	109
sy:	50
ex:	138
ey:	64
shortestPathLength:	35.708023
straightLineDistance:	32.202484
directness:	1.1088593
distanceCoverage:	0.16564924
minMapCoverage:	0.1836817
shortestPathHeadingChanges:	6
minHeadingChanges:	4
