sx:	11
sy:	104
ex:	144
ey:	92
shortestPathLength:	186.0354
straightLineDistance:	133.54025
directness:	1.3931036
distanceCoverage:	0.68692964
minMapCoverage:	0.95696414
shortestPathHeadingChanges:	18
minHeadingChanges:	8
