sx:	112
sy:	66
ex:	113
ey:	38
shortestPathLength:	28.021729
straightLineDistance:	28.01785
directness:	1.0001384
distanceCoverage:	0.14412352
minMapCoverage:	0.14414348
shortestPathHeadingChanges:	3
minHeadingChanges:	3
