sx:	124
sy:	67
ex:	29
ey:	113
shortestPathLength:	153.77165
straightLineDistance:	105.550934
directness:	1.4568479
distanceCoverage:	0.5429529
minMapCoverage:	0.79099977
shortestPathHeadingChanges:	12
minHeadingChanges:	7
