sx:	138
sy:	32
ex:	61
ey:	70
shortestPathLength:	86.017975
straightLineDistance:	85.86617
directness:	1.0017679
distanceCoverage:	0.44169468
minMapCoverage:	0.44247556
shortestPathHeadingChanges:	5
minHeadingChanges:	3
