sx:	139
sy:	67
ex:	152
ey:	43
shortestPathLength:	52.838837
straightLineDistance:	27.294687
directness:	1.9358653
distanceCoverage:	0.14040358
minMapCoverage:	0.27180243
shortestPathHeadingChanges:	9
minHeadingChanges:	4
