sx:	143
sy:	81
ex:	28
ey:	32
shortestPathLength:	166.94997
straightLineDistance:	125.004
directness:	1.335557
distanceCoverage:	0.64301926
minMapCoverage:	0.85878885
shortestPathHeadingChanges:	15
minHeadingChanges:	8
