sx:	143
sy:	65
ex:	120
ey:	8
shortestPathLength:	76.46284
straightLineDistance:	61.46544
directness:	1.2439972
distanceCoverage:	0.31617758
minMapCoverage:	0.39332402
shortestPathHeadingChanges:	11
minHeadingChanges:	7
