sx:	148
sy:	17
ex:	145
ey:	51
shortestPathLength:	58.979538
straightLineDistance:	34.132095
directness:	1.7279788
distanceCoverage:	0.17557514
minMapCoverage:	0.30339012
shortestPathHeadingChanges:	10
minHeadingChanges:	3
