sx:	16
sy:	2
ex:	71
ey:	58
shortestPathLength:	96.84986
straightLineDistance:	78.492035
directness:	1.2338814
distanceCoverage:	0.4037622
minMapCoverage:	0.49819466
shortestPathHeadingChanges:	11
minHeadingChanges:	5
