sx:	20
sy:	85
ex:	11
ey:	28
shortestPathLength:	70.817055
straightLineDistance:	57.706154
directness:	1.2272011
distanceCoverage:	0.29683986
minMapCoverage:	0.3642822
shortestPathHeadingChanges:	4
minHeadingChanges:	3
