sx:	21
sy:	84
ex:	95
ey:	82
shortestPathLength:	76.601166
straightLineDistance:	74.02702
directness:	1.034773
distanceCoverage:	0.38079423
minMapCoverage:	0.39403558
shortestPathHeadingChanges:	5
minHeadingChanges:	4
