sx:	22
sy:	29
ex:	95
ey:	57
shortestPathLength:	100.07139
straightLineDistance:	78.18568
directness:	1.2799197
distanceCoverage:	0.4021863
minMapCoverage:	0.51476616
shortestPathHeadingChanges:	8
minHeadingChanges:	4
