sx:	23
sy:	81
ex:	50
ey:	28
shortestPathLength:	62.923237
straightLineDistance:	59.48109
directness:	1.0578696
distanceCoverage:	0.3059701
minMapCoverage:	0.32367647
shortestPathHeadingChanges:	4
minHeadingChanges:	3
