sx:	27
sy:	77
ex:	17
ey:	8
shortestPathLength:	90.964676
straightLineDistance:	69.72087
directness:	1.3046979
distanceCoverage:	0.3586434
minMapCoverage:	0.46792135
shortestPathHeadingChanges:	10
minHeadingChanges:	4
