sx:	31
sy:	13
ex:	98
ey:	84
shortestPathLength:	107.95892
straightLineDistance:	97.62172
directness:	1.1058904
distanceCoverage:	0.5021651
minMapCoverage:	0.5553396
shortestPathHeadingChanges:	6
minHeadingChanges:	4
