sx:	31
sy:	5
ex:	91
ey:	44
shortestPathLength:	78.457535
straightLineDistance:	71.561165
directness:	1.0963703
distanceCoverage:	0.36810988
minMapCoverage:	0.40358472
shortestPathHeadingChanges:	8
minHeadingChanges:	5
