sx:	42
sy:	29
ex:	61
ey:	12
shortestPathLength:	26.197342
straightLineDistance:	25.495098
directness:	1.0275443
distanceCoverage:	0.13114652
minMapCoverage:	0.13475884
shortestPathHeadingChanges:	4
minHeadingChanges:	3
