sx:	47
sy:	66
ex:	32
ey:	33
shortestPathLength:	43.65885
straightLineDistance:	36.249138
directness:	1.2044108
distanceCoverage:	0.18646519
minMapCoverage:	0.22458068
shortestPathHeadingChanges:	6
minHeadingChanges:	4
