sx:	47
sy:	96
ex:	152
ey:	61
shortestPathLength:	165.25975
straightLineDistance:	110.67972
directness:	1.4931349
distanceCoverage:	0.5693353
minMapCoverage:	0.85009444
shortestPathHeadingChanges:	15
minHeadingChanges:	7
