sx:	48
sy:	80
ex:	127
ey:	28
shortestPathLength:	100.52166
straightLineDistance:	94.57801
directness:	1.0628439
distanceCoverage:	0.48650828
minMapCoverage:	0.51708233
shortestPathHeadingChanges:	7
minHeadingChanges:	4
