sx:	49
sy:	77
ex:	96
ey:	95
shortestPathLength:	56.63687
straightLineDistance:	50.32892
directness:	1.1253345
distanceCoverage:	0.25889143
minMapCoverage:	0.29133946
shortestPathHeadingChanges:	4
minHeadingChanges:	3
