sx:	53
sy:	47
ex:	88
ey:	44
shortestPathLength:	49.558582
straightLineDistance:	35.128338
directness:	1.4107864
distanceCoverage:	0.1806998
minMapCoverage:	0.25492883
shortestPathHeadingChanges:	7
minHeadingChanges:	3
