sx:	6
sy:	103
ex:	49
ey:	13
shortestPathLength:	111.60205
straightLineDistance:	99.744675
directness:	1.1188773
distanceCoverage:	0.51308554
minMapCoverage:	0.57407975
shortestPathHeadingChanges:	11
minHeadingChanges:	6
