sx:	6
sy:	11
ex:	113
ey:	104
shortestPathLength:	159.03807
straightLineDistance:	141.76741
directness:	1.1218239
distanceCoverage:	0.7292501
minMapCoverage:	0.81809014
shortestPathHeadingChanges:	11
minHeadingChanges:	5
