sx:	60
sy:	1
ex:	41
ey:	109
shortestPathLength:	114.43682
straightLineDistance:	109.65856
directness:	1.043574
distanceCoverage:	0.5640825
minMapCoverage:	0.5886618
shortestPathHeadingChanges:	8
minHeadingChanges:	6
