sx:	63
sy:	61
ex:	154
ey:	21
shortestPathLength:	111.167435
straightLineDistance:	99.40322
directness:	1.1183484
distanceCoverage:	0.5113291
minMapCoverage:	0.5718441
shortestPathHeadingChanges:	9
minHeadingChanges:	5
