sx:	65
sy:	44
ex:	29
ey:	66
shortestPathLength:	42.8314
straightLineDistance:	42.190044
directness:	1.0152017
distanceCoverage:	0.21702515
minMapCoverage:	0.22032428
shortestPathHeadingChanges:	4
minHeadingChanges:	3
