sx:	71
sy:	76
ex:	20
ey:	15
shortestPathLength:	89.929474
straightLineDistance:	79.51101
directness:	1.1310318
distanceCoverage:	0.4090038
minMapCoverage:	0.46259627
shortestPathHeadingChanges:	11
minHeadingChanges:	5
