sx:	72
sy:	47
ex:	144
ey:	11
shortestPathLength:	91.40539
straightLineDistance:	80.49844
directness:	1.1354926
distanceCoverage:	0.41408315
minMapCoverage:	0.47018835
shortestPathHeadingChanges:	8
minHeadingChanges:	5
