sx:	72
sy:	75
ex:	74
ey:	30
shortestPathLength:	59.919823
straightLineDistance:	45.044422
directness:	1.3302385
distanceCoverage:	0.23170803
minMapCoverage:	0.30822694
shortestPathHeadingChanges:	8
minHeadingChanges:	3
