sx:	8
sy:	96
ex:	18
ey:	9
shortestPathLength:	126.000534
straightLineDistance:	87.57283
directness:	1.4388086
distanceCoverage:	0.45047373
minMapCoverage:	0.64814544
shortestPathHeadingChanges:	19
minHeadingChanges:	7
