sx:	88
sy:	93
ex:	94
ey:	18
shortestPathLength:	79.55334
straightLineDistance:	75.23962
directness:	1.0573331
distanceCoverage:	0.3870318
minMapCoverage:	0.40922153
shortestPathHeadingChanges:	6
minHeadingChanges:	4
