sx:	90
sy:	108
ex:	12
ey:	41
shortestPathLength:	107.678734
straightLineDistance:	102.825096
directness:	1.0472028
distanceCoverage:	0.5289312
minMapCoverage:	0.5538983
shortestPathHeadingChanges:	9
minHeadingChanges:	5
