sx:	92
sy:	33
ex:	67
ey:	101
shortestPathLength:	76.40048
straightLineDistance:	72.44998
directness:	1.0545273
distanceCoverage:	0.37268195
minMapCoverage:	0.39300328
shortestPathHeadingChanges:	4
minHeadingChanges:	3
