sx:	97
sy:	69
ex:	48
ey:	63
shortestPathLength:	60.561787
straightLineDistance:	49.365982
directness:	1.2267919
distanceCoverage:	0.25393808
minMapCoverage:	0.3115292
shortestPathHeadingChanges:	6
minHeadingChanges:	4
