sx:	98
sy:	104
ex:	5
ey:	59
shortestPathLength:	105.11132
straightLineDistance:	103.315056
directness:	1.0173863
distanceCoverage:	0.5314516
minMapCoverage:	0.54069155
shortestPathHeadingChanges:	5
minHeadingChanges:	4
