sx:	98
sy:	85
ex:	54
ey:	47
shortestPathLength:	68.310104
straightLineDistance:	58.137768
directness:	1.1749696
distanceCoverage:	0.29906008
minMapCoverage:	0.35138646
shortestPathHeadingChanges:	4
minHeadingChanges:	3
