sx:	5
sy:	10
ex:	3
ey:	7
shortestPathLength:	4.1622777
straightLineDistance:	3.6055512
directness:	1.1544081
distanceCoverage:	0.25495097
minMapCoverage:	0.29431748
shortestPathHeadingChanges:	3
minHeadingChanges:	3
