sx:	1
sy:	14
ex:	17
ey:	20
shortestPathLength:	19.416409
straightLineDistance:	17.088007
directness:	1.1362594
distanceCoverage:	0.120830454
minMapCoverage:	0.13729474
shortestPathHeadingChanges:	5
minHeadingChanges:	4
