sx:	1
sy:	29
ex:	57
ey:	13
shortestPathLength:	65.564285
straightLineDistance:	58.24088
directness:	1.1257434
distanceCoverage:	0.4118252
minMapCoverage:	0.46360952
shortestPathHeadingChanges:	14
minHeadingChanges:	10
