sx:	11
sy:	50
ex:	51
ey:	47
shortestPathLength:	42.66026
straightLineDistance:	40.112343
directness:	1.0635195
distanceCoverage:	0.2836371
minMapCoverage:	0.3016536
shortestPathHeadingChanges:	10
minHeadingChanges:	8
