sx:	13
sy:	34
ex:	49
ey:	4
shortestPathLength:	54.414417
straightLineDistance:	46.8615
directness:	1.1611754
distanceCoverage:	0.33136085
minMapCoverage:	0.38476804
shortestPathHeadingChanges:	10
minHeadingChanges:	8
