sx:	15
sy:	23
ex:	12
ey:	83
shortestPathLength:	65.132744
straightLineDistance:	60.074955
directness:	1.0841913
distanceCoverage:	0.42479408
minMapCoverage:	0.46055806
shortestPathHeadingChanges:	15
minHeadingChanges:	8
