sx:	16
sy:	77
ex:	53
ey:	36
shortestPathLength:	57.140667
straightLineDistance:	55.226807
directness:	1.0346545
distanceCoverage:	0.3905125
minMapCoverage:	0.40404552
shortestPathHeadingChanges:	14
minHeadingChanges:	9
