sx:	18
sy:	70
ex:	53
ey:	92
shortestPathLength:	50.536808
straightLineDistance:	41.340054
directness:	1.222466
distanceCoverage:	0.2923183
minMapCoverage:	0.3573492
shortestPathHeadingChanges:	12
minHeadingChanges:	7
