sx:	19
sy:	94
ex:	16
ey:	35
shortestPathLength:	67.22581
straightLineDistance:	59.07622
directness:	1.1379503
distanceCoverage:	0.41773197
minMapCoverage:	0.47535825
shortestPathHeadingChanges:	18
minHeadingChanges:	8
