sx:	24
sy:	92
ex:	41
ey:	18
shortestPathLength:	80.53618
straightLineDistance:	75.9276
directness:	1.0606971
distanceCoverage:	0.5368892
minMapCoverage:	0.5694768
shortestPathHeadingChanges:	16
minHeadingChanges:	10
