sx:	26
sy:	23
ex:	100
ey:	69
shortestPathLength:	110.768845
straightLineDistance:	87.13208
directness:	1.2712752
distanceCoverage:	0.6161168
minMapCoverage:	0.783254
shortestPathHeadingChanges:	20
minHeadingChanges:	13
