sx:	32
sy:	68
ex:	56
ey:	29
shortestPathLength:	49.31395
straightLineDistance:	45.79301
directness:	1.0768881
distanceCoverage:	0.32380548
minMapCoverage:	0.34870228
shortestPathHeadingChanges:	12
minHeadingChanges:	8
