sx:	39
sy:	46
ex:	29
ey:	40
shortestPathLength:	12.866848
straightLineDistance:	11.661903
directness:	1.1033231
distanceCoverage:	0.08246211
minMapCoverage:	0.090982355
shortestPathHeadingChanges:	5
minHeadingChanges:	4
