sx:	39
sy:	79
ex:	89
ey:	8
shortestPathLength:	110.8133
straightLineDistance:	86.83893
directness:	1.2760786
distanceCoverage:	0.61404395
minMapCoverage:	0.7835684
shortestPathHeadingChanges:	26
minHeadingChanges:	16
