sx:	39
sy:	97
ex:	2
ey:	43
shortestPathLength:	73.57231
straightLineDistance:	65.459915
directness:	1.1239293
distanceCoverage:	0.4628715
minMapCoverage:	0.5202348
shortestPathHeadingChanges:	18
minHeadingChanges:	10
