sx:	40
sy:	70
ex:	76
ey:	62
shortestPathLength:	44.64783
straightLineDistance:	36.878178
directness:	1.2106843
distanceCoverage:	0.2607681
minMapCoverage:	0.31570783
shortestPathHeadingChanges:	15
minHeadingChanges:	7
