sx:	43
sy:	75
ex:	28
ey:	35
shortestPathLength:	44.699867
straightLineDistance:	42.72002
directness:	1.0463448
distanceCoverage:	0.30207616
minMapCoverage:	0.3160758
shortestPathHeadingChanges:	9
minHeadingChanges:	7
