sx:	45
sy:	76
ex:	82
ey:	82
shortestPathLength:	51.314682
straightLineDistance:	37.48333
directness:	1.3690001
distanceCoverage:	0.26504716
minMapCoverage:	0.3628496
shortestPathHeadingChanges:	9
minHeadingChanges:	8
