sx:	47
sy:	53
ex:	57
ey:	37
shortestPathLength:	22.570078
straightLineDistance:	18.867962
directness:	1.1962118
distanceCoverage:	0.13341664
minMapCoverage:	0.15959455
shortestPathHeadingChanges:	7
minHeadingChanges:	4
