sx:	54
sy:	52
ex:	50
ey:	9
shortestPathLength:	85.08289
straightLineDistance:	43.185646
directness:	1.9701661
distanceCoverage:	0.30536863
minMapCoverage:	0.60162693
shortestPathHeadingChanges:	19
minHeadingChanges:	10
