sx:	56
sy:	7
ex:	46
ey:	88
shortestPathLength:	101.30448
straightLineDistance:	81.61495
directness:	1.2412491
distanceCoverage:	0.57710487
minMapCoverage:	0.7163309
shortestPathHeadingChanges:	22
minHeadingChanges:	12
