sx:	6
sy:	41
ex:	14
ey:	66
shortestPathLength:	27.146238
straightLineDistance:	26.24881
directness:	1.0341893
distanceCoverage:	0.18560712
minMapCoverage:	0.1919529
shortestPathHeadingChanges:	5
minHeadingChanges:	4
