sx:	6
sy:	62
ex:	70
ey:	32
shortestPathLength:	75.40741
straightLineDistance:	70.68239
directness:	1.0668486
distanceCoverage:	0.49979997
minMapCoverage:	0.53321093
shortestPathHeadingChanges:	17
minHeadingChanges:	9
