sx:	62
sy:	54
ex:	6
ey:	27
shortestPathLength:	87.58593
straightLineDistance:	62.169125
directness:	1.4088333
distanceCoverage:	0.4396021
minMapCoverage:	0.61932606
shortestPathHeadingChanges:	18
minHeadingChanges:	11
