sx:	62
sy:	63
ex:	25
ey:	83
shortestPathLength:	50.860607
straightLineDistance:	42.059483
directness:	1.2092543
distanceCoverage:	0.29740545
minMapCoverage:	0.3596388
shortestPathHeadingChanges:	15
minHeadingChanges:	9
