sx:	67
sy:	55
ex:	17
ey:	31
shortestPathLength:	74.951515
straightLineDistance:	55.461697
directness:	1.3514104
distanceCoverage:	0.3921734
minMapCoverage:	0.5299873
shortestPathHeadingChanges:	15
minHeadingChanges:	10
