sx:	69
sy:	24
ex:	94
ey:	87
shortestPathLength:	76.314896
straightLineDistance:	67.77905
directness:	1.1259363
distanceCoverage:	0.47927028
minMapCoverage:	0.5396278
shortestPathHeadingChanges:	15
minHeadingChanges:	11
