sx:	7
sy:	44
ex:	91
ey:	64
shortestPathLength:	100.12076
straightLineDistance:	86.34813
directness:	1.1595012
distanceCoverage:	0.6105735
minMapCoverage:	0.70796067
shortestPathHeadingChanges:	18
minHeadingChanges:	12
