sx:	70
sy:	56
ex:	9
ey:	6
shortestPathLength:	99.06589
straightLineDistance:	78.873314
directness:	1.2560128
distanceCoverage:	0.5577186
minMapCoverage:	0.7005016
shortestPathHeadingChanges:	17
minHeadingChanges:	11
