sx:	72
sy:	7
ex:	22
ey:	28
shortestPathLength:	80.70354
straightLineDistance:	54.230988
directness:	1.4881443
distanceCoverage:	0.38347098
minMapCoverage:	0.5706602
shortestPathHeadingChanges:	17
minHeadingChanges:	11
