sx:	73
sy:	3
ex:	74
ey:	61
shortestPathLength:	78.60746
straightLineDistance:	58.00862
directness:	1.3550996
distanceCoverage:	0.4101829
minMapCoverage:	0.5558387
shortestPathHeadingChanges:	19
minHeadingChanges:	13
