sx:	73
sy:	46
ex:	11
ey:	31
shortestPathLength:	80.97799
straightLineDistance:	63.788715
directness:	1.269472
distanceCoverage:	0.45105433
minMapCoverage:	0.57260084
shortestPathHeadingChanges:	17
minHeadingChanges:	11
