sx:	75
sy:	63
ex:	47
ey:	80
shortestPathLength:	35.58634
straightLineDistance:	32.75668
directness:	1.0863843
distanceCoverage:	0.23162471
minMapCoverage:	0.25163344
shortestPathHeadingChanges:	7
minHeadingChanges:	6
