sx:	76
sy:	93
ex:	78
ey:	73
shortestPathLength:	62.303993
straightLineDistance:	20.09975
directness:	3.0997396
distanceCoverage:	0.1421267
minMapCoverage:	0.44055575
shortestPathHeadingChanges:	15
minHeadingChanges:	10
