sx:	79
sy:	89
ex:	86
ey:	67
shortestPathLength:	75.04774
straightLineDistance:	23.086792
directness:	3.2506785
distanceCoverage:	0.16324827
minMapCoverage:	0.53066766
shortestPathHeadingChanges:	19
minHeadingChanges:	12
