sx:	84
sy:	77
ex:	75
ey:	30
shortestPathLength:	64.777916
straightLineDistance:	47.853943
directness:	1.3536589
distanceCoverage:	0.3383785
minMapCoverage:	0.45804903
shortestPathHeadingChanges:	17
minHeadingChanges:	10
