sx:	91
sy:	27
ex:	58
ey:	45
shortestPathLength:	87.01001
straightLineDistance:	37.589893
directness:	2.3147182
distanceCoverage:	0.26580068
minMapCoverage:	0.6152537
shortestPathHeadingChanges:	23
minHeadingChanges:	13
