sx:	92
sy:	92
ex:	5
ey:	15
shortestPathLength:	129.49416
straightLineDistance:	116.18089
directness:	1.1145908
distanceCoverage:	0.82152295
minMapCoverage:	0.91566193
shortestPathHeadingChanges:	25
minHeadingChanges:	17
