sx:	97
sy:	7
ex:	22
ey:	10
shortestPathLength:	87.31769
straightLineDistance:	75.059975
directness:	1.1633056
distanceCoverage:	0.53075415
minMapCoverage:	0.6174293
shortestPathHeadingChanges:	17
minHeadingChanges:	13
