sx:	105
sy:	88
ex:	78
ey:	85
shortestPathLength:	72.78453
straightLineDistance:	27.166155
directness:	2.6792357
distanceCoverage:	0.13918374
minMapCoverage:	0.37290603
shortestPathHeadingChanges:	9
minHeadingChanges:	5
