sx:	108
sy:	134
ex:	60
ey:	6
shortestPathLength:	144.60114
straightLineDistance:	136.70406
directness:	1.0577677
distanceCoverage:	0.7003929
minMapCoverage:	0.74085295
shortestPathHeadingChanges:	11
minHeadingChanges:	6
