sx:	109
sy:	130
ex:	122
ey:	41
shortestPathLength:	149.79173
straightLineDistance:	89.94443
directness:	1.665381
distanceCoverage:	0.46082348
minMapCoverage:	0.7674466
shortestPathHeadingChanges:	16
minHeadingChanges:	6
