sx:	113
sy:	25
ex:	16
ey:	18
shortestPathLength:	98.43162
straightLineDistance:	97.25225
directness:	1.0121269
distanceCoverage:	0.49826455
minMapCoverage:	0.5043069
shortestPathHeadingChanges:	7
minHeadingChanges:	6
