sx:	115
sy:	101
ex:	64
ey:	81
shortestPathLength:	109.40541
straightLineDistance:	54.781384
directness:	1.9971275
distanceCoverage:	0.28066826
minMapCoverage:	0.56053036
shortestPathHeadingChanges:	17
minHeadingChanges:	6
