sx:	117
sy:	132
ex:	43
ey:	28
shortestPathLength:	127.875275
straightLineDistance:	127.64012
directness:	1.0018423
distanceCoverage:	0.6539545
minMapCoverage:	0.6551593
shortestPathHeadingChanges:	6
minHeadingChanges:	4
