sx:	119
sy:	21
ex:	89
ey:	81
shortestPathLength:	75.32676
straightLineDistance:	67.08204
directness:	1.122905
distanceCoverage:	0.34368974
minMapCoverage:	0.38593096
shortestPathHeadingChanges:	9
minHeadingChanges:	4
