sx:	119
sy:	69
ex:	36
ey:	90
shortestPathLength:	96.58324
straightLineDistance:	85.61542
directness:	1.1281056
distanceCoverage:	0.4386441
minMapCoverage:	0.4948369
shortestPathHeadingChanges:	10
minHeadingChanges:	5
