sx:	123
sy:	121
ex:	120
ey:	4
shortestPathLength:	135.54742
straightLineDistance:	117.03845
directness:	1.1581444
distanceCoverage:	0.5996376
minMapCoverage:	0.69446695
shortestPathHeadingChanges:	11
minHeadingChanges:	5
