sx:	123
sy:	3
ex:	96
ey:	58
shortestPathLength:	65.25454
straightLineDistance:	61.269894
directness:	1.0650343
distanceCoverage:	0.31391165
minMapCoverage:	0.33432668
shortestPathHeadingChanges:	7
minHeadingChanges:	3
