sx:	127
sy:	126
ex:	110
ey:	121
shortestPathLength:	17.720045
straightLineDistance:	17.720045
directness:	1.0
distanceCoverage:	0.09078731
minMapCoverage:	0.09078731
shortestPathHeadingChanges:	2
minHeadingChanges:	2
