sx:	131
sy:	35
ex:	32
ey:	128
shortestPathLength:	159.16269
straightLineDistance:	135.83078
directness:	1.1717719
distanceCoverage:	0.69591874
minMapCoverage:	0.815458
shortestPathHeadingChanges:	12
minHeadingChanges:	6
