sx:	131
sy:	91
ex:	64
ey:	121
shortestPathLength:	83.87314
straightLineDistance:	73.409805
directness:	1.1425332
distanceCoverage:	0.37610957
minMapCoverage:	0.42971766
shortestPathHeadingChanges:	7
minHeadingChanges:	6
