sx:	14
sy:	38
ex:	28
ey:	31
shortestPathLength:	15.75683
straightLineDistance:	15.652476
directness:	1.0066669
distanceCoverage:	0.08019428
minMapCoverage:	0.080728926
shortestPathHeadingChanges:	4
minHeadingChanges:	3
