sx:	17
sy:	106
ex:	29
ey:	93
shortestPathLength:	18.021912
straightLineDistance:	17.691807
directness:	1.0186586
distanceCoverage:	0.09064263
minMapCoverage:	0.0923339
shortestPathHeadingChanges:	4
minHeadingChanges:	3
