sx:	17
sy:	23
ex:	74
ey:	69
shortestPathLength:	77.41531
straightLineDistance:	73.24616
directness:	1.0569197
distanceCoverage:	0.37527117
minMapCoverage:	0.3966315
shortestPathHeadingChanges:	8
minHeadingChanges:	4
