sx:	22
sy:	30
ex:	99
ey:	75
shortestPathLength:	124.02724
straightLineDistance:	89.1852
directness:	1.3906705
distanceCoverage:	0.45693365
minMapCoverage:	0.63544416
shortestPathHeadingChanges:	17
minHeadingChanges:	7
