sx:	22
sy:	63
ex:	98
ey:	103
shortestPathLength:	99.407326
straightLineDistance:	85.883644
directness:	1.1574651
distanceCoverage:	0.44001836
minMapCoverage:	0.5093059
shortestPathHeadingChanges:	12
minHeadingChanges:	5
