sx:	24
sy:	38
ex:	43
ey:	98
shortestPathLength:	118.68597
straightLineDistance:	62.936478
directness:	1.8858057
distanceCoverage:	0.32245028
minMapCoverage:	0.60807854
shortestPathHeadingChanges:	15
minHeadingChanges:	6
