sx:	24
sy:	95
ex:	62
ey:	118
shortestPathLength:	72.61635
straightLineDistance:	44.418465
directness:	1.6348234
distanceCoverage:	0.22757465
minMapCoverage:	0.37204435
shortestPathHeadingChanges:	8
minHeadingChanges:	5
