sx:	28
sy:	15
ex:	36
ey:	114
shortestPathLength:	105.062645
straightLineDistance:	99.32271
directness:	1.0577908
distanceCoverage:	0.5088724
minMapCoverage:	0.5382805
shortestPathHeadingChanges:	9
minHeadingChanges:	5
