sx:	4
sy:	24
ex:	32
ey:	33
shortestPathLength:	31.722195
straightLineDistance:	29.410883
directness:	1.0785869
distanceCoverage:	0.15068443
minMapCoverage:	0.16252626
shortestPathHeadingChanges:	8
minHeadingChanges:	4
