sx:	40
sy:	73
ex:	65
ey:	38
shortestPathLength:	80.23782
straightLineDistance:	43.011627
directness:	1.8654915
distanceCoverage:	0.22036682
minMapCoverage:	0.4110924
shortestPathHeadingChanges:	10
minHeadingChanges:	6
