sx:	42
sy:	112
ex:	97
ey:	40
shortestPathLength:	91.32411
straightLineDistance:	90.60353
directness:	1.0079532
distanceCoverage:	0.46420032
minMapCoverage:	0.46789217
shortestPathHeadingChanges:	4
minHeadingChanges:	3
