sx:	45
sy:	58
ex:	111
ey:	100
shortestPathLength:	129.55365
straightLineDistance:	78.23043
directness:	1.6560519
distanceCoverage:	0.40080768
minMapCoverage:	0.66375834
shortestPathHeadingChanges:	18
minHeadingChanges:	7
