sx:	45
sy:	56
ex:	4
ey:	87
shortestPathLength:	103.477905
straightLineDistance:	51.40039
directness:	2.0131736
distanceCoverage:	0.26334602
minMapCoverage:	0.5301612
shortestPathHeadingChanges:	10
minHeadingChanges:	5
