sx:	49
sy:	104
ex:	127
ey:	65
shortestPathLength:	101.52895
straightLineDistance:	87.20665
directness:	1.164234
distanceCoverage:	0.44679666
minMapCoverage:	0.52017593
shortestPathHeadingChanges:	12
minHeadingChanges:	4
