sx:	66
sy:	123
ex:	99
ey:	27
shortestPathLength:	110.033905
straightLineDistance:	101.51354
directness:	1.0839332
distanceCoverage:	0.52009696
minMapCoverage:	0.5637504
shortestPathHeadingChanges:	9
minHeadingChanges:	4
