sx:	68
sy:	33
ex:	88
ey:	63
shortestPathLength:	71.69328
straightLineDistance:	36.05551
directness:	1.9884139
distanceCoverage:	0.18472768
minMapCoverage:	0.3673151
shortestPathHeadingChanges:	13
minHeadingChanges:	7
