sx:	69
sy:	103
ex:	89
ey:	74
shortestPathLength:	59.674572
straightLineDistance:	35.22783
directness:	1.6939611
distanceCoverage:	0.18048711
minMapCoverage:	0.30573815
shortestPathHeadingChanges:	9
minHeadingChanges:	4
