sx:	69
sy:	114
ex:	86
ey:	107
shortestPathLength:	19.826792
straightLineDistance:	18.384777
directness:	1.0784353
distanceCoverage:	0.09419301
minMapCoverage:	0.10158107
shortestPathHeadingChanges:	7
minHeadingChanges:	4
