sx:	70
sy:	104
ex:	136
ey:	120
shortestPathLength:	75.5902
straightLineDistance:	67.911705
directness:	1.1130658
distanceCoverage:	0.34794047
minMapCoverage:	0.38728067
shortestPathHeadingChanges:	7
minHeadingChanges:	6
