sx:	76
sy:	70
ex:	14
ey:	1
shortestPathLength:	95.31447
straightLineDistance:	92.76314
directness:	1.0275037
distanceCoverage:	0.4752649
minMapCoverage:	0.48833647
shortestPathHeadingChanges:	11
minHeadingChanges:	6
