sx:	76
sy:	98
ex:	84
ey:	129
shortestPathLength:	37.040874
straightLineDistance:	32.01562
directness:	1.1569625
distanceCoverage:	0.16402961
minMapCoverage:	0.18977612
shortestPathHeadingChanges:	6
minHeadingChanges:	5
