sx:	82
sy:	102
ex:	3
ey:	100
shortestPathLength:	92.42228
straightLineDistance:	79.025314
directness:	1.1695275
distanceCoverage:	0.40488023
minMapCoverage:	0.47351855
shortestPathHeadingChanges:	11
minHeadingChanges:	6
