sx:	82
sy:	127
ex:	60
ey:	11
shortestPathLength:	127.280914
straightLineDistance:	118.06778
directness:	1.0780326
distanceCoverage:	0.6049113
minMapCoverage:	0.65211415
shortestPathHeadingChanges:	11
minHeadingChanges:	5
