sx:	84
sy:	95
ex:	52
ey:	59
shortestPathLength:	52.693863
straightLineDistance:	48.166378
directness:	1.0939968
distanceCoverage:	0.24677679
minMapCoverage:	0.269973
shortestPathHeadingChanges:	9
minHeadingChanges:	5
