sx:	89
sy:	21
ex:	41
ey:	81
shortestPathLength:	83.90181
straightLineDistance:	76.837494
directness:	1.0919384
distanceCoverage:	0.3936711
minMapCoverage:	0.42986456
shortestPathHeadingChanges:	6
minHeadingChanges:	3
