sx:	9
sy:	84
ex:	129
ey:	9
shortestPathLength:	187.13297
straightLineDistance:	141.50972
directness:	1.3224037
distanceCoverage:	0.7250143
minMapCoverage:	0.9587616
shortestPathHeadingChanges:	14
minHeadingChanges:	7
