sx:	90
sy:	119
ex:	18
ey:	76
shortestPathLength:	86.21077
straightLineDistance:	83.86298
directness:	1.0279955
distanceCoverage:	0.42966565
minMapCoverage:	0.44169435
shortestPathHeadingChanges:	8
minHeadingChanges:	5
