sx:	90
sy:	76
ex:	119
ey:	29
shortestPathLength:	96.512344
straightLineDistance:	55.226807
directness:	1.7475634
distanceCoverage:	0.28295037
minMapCoverage:	0.4944737
shortestPathHeadingChanges:	15
minHeadingChanges:	5
