sx:	90
sy:	85
ex:	85
ey:	45
shortestPathLength:	42.606003
straightLineDistance:	40.311287
directness:	1.0569249
distanceCoverage:	0.20653182
minMapCoverage:	0.21828863
shortestPathHeadingChanges:	5
minHeadingChanges:	3
