sx:	91
sy:	129
ex:	118
ey:	97
shortestPathLength:	80.47767
straightLineDistance:	41.868843
directness:	1.9221374
distanceCoverage:	0.21451184
minMapCoverage:	0.41232124
shortestPathHeadingChanges:	12
minHeadingChanges:	6
