sx:	92
sy:	94
ex:	16
ey:	64
shortestPathLength:	91.43643
straightLineDistance:	81.706795
directness:	1.11908
distanceCoverage:	0.4186186
minMapCoverage:	0.46846762
shortestPathHeadingChanges:	11
minHeadingChanges:	4
