sx:	97
sy:	36
ex:	112
ey:	82
shortestPathLength:	49.120857
straightLineDistance:	48.38388
directness:	1.0152318
distanceCoverage:	0.24789114
minMapCoverage:	0.251667
shortestPathHeadingChanges:	6
minHeadingChanges:	3
