sx:	98
sy:	110
ex:	126
ey:	39
shortestPathLength:	124.45241
straightLineDistance:	76.321686
directness:	1.6306297
distanceCoverage:	0.39102837
minMapCoverage:	0.6376225
shortestPathHeadingChanges:	13
minHeadingChanges:	6
