sx:	104
sy:	108
ex:	27
ey:	118
shortestPathLength:	186.98874
straightLineDistance:	77.64664
directness:	2.4082015
distanceCoverage:	0.3999801
minMapCoverage:	0.96323264
shortestPathHeadingChanges:	17
minHeadingChanges:	10
