sx:	108
sy:	81
ex:	116
ey:	16
shortestPathLength:	79.03245
straightLineDistance:	65.490456
directness:	1.206778
distanceCoverage:	0.3373601
minMapCoverage:	0.4071188
shortestPathHeadingChanges:	5
minHeadingChanges:	4
