sx:	108
sy:	26
ex:	110
ey:	62
shortestPathLength:	63.939713
straightLineDistance:	36.05551
directness:	1.7733686
distanceCoverage:	0.18573228
minMapCoverage:	0.3293718
shortestPathHeadingChanges:	6
minHeadingChanges:	5
