sx:	109
sy:	105
ex:	4
ey:	76
shortestPathLength:	152.65794
straightLineDistance:	108.93117
directness:	1.4014165
distanceCoverage:	0.5611357
minMapCoverage:	0.7863849
shortestPathHeadingChanges:	10
minHeadingChanges:	6
