sx:	110
sy:	21
ex:	22
ey:	65
shortestPathLength:	148.02039
straightLineDistance:	98.38699
directness:	1.5044711
distanceCoverage:	0.5068196
minMapCoverage:	0.76249546
shortestPathHeadingChanges:	7
minHeadingChanges:	4
