sx:	114
sy:	120
ex:	106
ey:	50
shortestPathLength:	81.867905
straightLineDistance:	70.45566
directness:	1.1619778
distanceCoverage:	0.3629373
minMapCoverage:	0.42172506
shortestPathHeadingChanges:	9
minHeadingChanges:	5
