sx:	116
sy:	69
ex:	129
ey:	91
shortestPathLength:	25.775663
straightLineDistance:	25.553865
directness:	1.0086796
distanceCoverage:	0.1316353
minMapCoverage:	0.13277784
shortestPathHeadingChanges:	4
minHeadingChanges:	4
