sx:	118
sy:	43
ex:	40
ey:	15
shortestPathLength:	130.51785
straightLineDistance:	82.8734
directness:	1.5749065
distanceCoverage:	0.42690465
minMapCoverage:	0.6723349
shortestPathHeadingChanges:	9
minHeadingChanges:	5
