sx:	119
sy:	16
ex:	22
ey:	70
shortestPathLength:	145.15372
straightLineDistance:	111.01801
directness:	1.307479
distanceCoverage:	0.57188565
minMapCoverage:	0.7477284
shortestPathHeadingChanges:	6
minHeadingChanges:	5
