sx:	120
sy:	27
ex:	18
ey:	62
shortestPathLength:	140.1809
straightLineDistance:	107.837845
directness:	1.299923
distanceCoverage:	0.55550367
minMapCoverage:	0.722112
shortestPathHeadingChanges:	8
minHeadingChanges:	5
