sx:	123
sy:	82
ex:	87
ey:	78
shortestPathLength:	38.279724
straightLineDistance:	36.221542
directness:	1.0568221
distanceCoverage:	0.18658756
minMapCoverage:	0.19718984
shortestPathHeadingChanges:	6
minHeadingChanges:	4
