sx:	126
sy:	84
ex:	20
ey:	108
shortestPathLength:	140.46141
straightLineDistance:	108.68302
directness:	1.2923951
distanceCoverage:	0.5598574
minMapCoverage:	0.723557
shortestPathHeadingChanges:	11
minHeadingChanges:	6
