sx:	129
sy:	16
ex:	66
ey:	29
shortestPathLength:	130.94212
straightLineDistance:	64.327286
directness:	2.035561
distanceCoverage:	0.3313683
minMapCoverage:	0.67452043
shortestPathHeadingChanges:	11
minHeadingChanges:	6
