sx:	130
sy:	107
ex:	44
ey:	33
shortestPathLength:	156.3897
straightLineDistance:	113.454834
directness:	1.3784313
distanceCoverage:	0.5844384
minMapCoverage:	0.80560815
shortestPathHeadingChanges:	11
minHeadingChanges:	6
