sx:	130
sy:	8
ex:	44
ey:	43
shortestPathLength:	129.47269
straightLineDistance:	92.84934
directness:	1.3944384
distanceCoverage:	0.4782936
minMapCoverage:	0.66695094
shortestPathHeadingChanges:	12
minHeadingChanges:	6
