sx:	135
sy:	68
ex:	96
ey:	29
shortestPathLength:	69.402054
straightLineDistance:	55.154327
directness:	1.2583247
distanceCoverage:	0.28411576
minMapCoverage:	0.35750988
shortestPathHeadingChanges:	6
minHeadingChanges:	4
