sx:	135
sy:	63
ex:	35
ey:	114
shortestPathLength:	157.79352
straightLineDistance:	112.25417
directness:	1.4056807
distanceCoverage:	0.57825345
minMapCoverage:	0.8128397
shortestPathHeadingChanges:	8
minHeadingChanges:	5
