sx:	135
sy:	61
ex:	28
ey:	122
shortestPathLength:	162.84721
straightLineDistance:	123.16656
directness:	1.3221707
distanceCoverage:	0.6344663
minMapCoverage:	0.83887273
shortestPathHeadingChanges:	9
minHeadingChanges:	5
