sx:	136
sy:	32
ex:	33
ey:	73
shortestPathLength:	114.96942
straightLineDistance:	110.860275
directness:	1.037066
distanceCoverage:	0.57107306
minMapCoverage:	0.59224045
shortestPathHeadingChanges:	7
minHeadingChanges:	5
