sx:	138
sy:	37
ex:	37
ey:	99
shortestPathLength:	157.61526
straightLineDistance:	118.511604
directness:	1.3299564
distanceCoverage:	0.6104873
minMapCoverage:	0.8119214
shortestPathHeadingChanges:	10
minHeadingChanges:	5
