sx:	14
sy:	22
ex:	115
ey:	6
shortestPathLength:	179.92618
straightLineDistance:	102.259476
directness:	1.7595061
distanceCoverage:	0.5267679
minMapCoverage:	0.92685133
shortestPathHeadingChanges:	15
minHeadingChanges:	8
