sx:	150
sy:	39
ex:	47
ey:	28
shortestPathLength:	158.81926
straightLineDistance:	103.58572
directness:	1.5332159
distanceCoverage:	0.53359973
minMapCoverage:	0.8181236
shortestPathHeadingChanges:	11
minHeadingChanges:	7
