sx:	17
sy:	104
ex:	121
ey:	56
shortestPathLength:	128.59422
straightLineDistance:	114.54257
directness:	1.1226763
distanceCoverage:	0.59004164
minMapCoverage:	0.6624257
shortestPathHeadingChanges:	8
minHeadingChanges:	5
