sx:	17
sy:	60
ex:	67
ey:	43
shortestPathLength:	52.878315
straightLineDistance:	52.810986
directness:	1.001275
distanceCoverage:	0.27204454
minMapCoverage:	0.27239138
shortestPathHeadingChanges:	4
minHeadingChanges:	4
