sx:	22
sy:	96
ex:	138
ey:	116
shortestPathLength:	164.07547
straightLineDistance:	117.71151
directness:	1.3938779
distanceCoverage:	0.60636574
minMapCoverage:	0.8451998
shortestPathHeadingChanges:	15
minHeadingChanges:	8
