sx:	23
sy:	107
ex:	10
ey:	57
shortestPathLength:	60.623714
straightLineDistance:	51.662365
directness:	1.1734599
distanceCoverage:	0.26612765
minMapCoverage:	0.31229013
shortestPathHeadingChanges:	6
minHeadingChanges:	6
