sx:	29
sy:	108
ex:	20
ey:	69
shortestPathLength:	48.710155
straightLineDistance:	40.024994
directness:	1.2169935
distanceCoverage:	0.20618023
minMapCoverage:	0.25091997
shortestPathHeadingChanges:	7
minHeadingChanges:	5
