sx:	35
sy:	97
ex:	52
ey:	91
shortestPathLength:	66.02655
straightLineDistance:	18.027756
directness:	3.6624942
distanceCoverage:	0.09286614
minMapCoverage:	0.3401217
shortestPathHeadingChanges:	10
minHeadingChanges:	5
