sx:	38
sy:	64
ex:	57
ey:	23
shortestPathLength:	66.28998
straightLineDistance:	45.188496
directness:	1.4669658
distanceCoverage:	0.2327789
minMapCoverage:	0.34147868
shortestPathHeadingChanges:	6
minHeadingChanges:	5
