sx:	39
sy:	45
ex:	10
ey:	106
shortestPathLength:	69.534706
straightLineDistance:	67.54258
directness:	1.0294944
distanceCoverage:	0.3479312
minMapCoverage:	0.35819322
shortestPathHeadingChanges:	8
minHeadingChanges:	5
