sx:	40
sy:	39
ex:	145
ey:	51
shortestPathLength:	146.65417
straightLineDistance:	105.68349
directness:	1.3876735
distanceCoverage:	0.54440594
minMapCoverage:	0.7554577
shortestPathHeadingChanges:	16
minHeadingChanges:	7
