sx:	47
sy:	105
ex:	1
ey:	79
shortestPathLength:	55.061924
straightLineDistance:	52.83938
directness:	1.0420623
distanceCoverage:	0.27219078
minMapCoverage:	0.28363976
shortestPathHeadingChanges:	6
minHeadingChanges:	4
