sx:	47
sy:	6
ex:	130
ey:	32
shortestPathLength:	165.59422
straightLineDistance:	86.977005
directness:	1.9038851
distanceCoverage:	0.4480435
minMapCoverage:	0.85302335
shortestPathHeadingChanges:	12
minHeadingChanges:	7
