sx:	48
sy:	86
ex:	103
ey:	111
shortestPathLength:	132.97653
straightLineDistance:	60.41523
directness:	2.2010431
distanceCoverage:	0.31121618
minMapCoverage:	0.68500024
shortestPathHeadingChanges:	10
minHeadingChanges:	5
