sx:	5
sy:	114
ex:	71
ey:	24
shortestPathLength:	117.93107
straightLineDistance:	111.60645
directness:	1.0566689
distanceCoverage:	0.57491684
minMapCoverage:	0.60749674
shortestPathHeadingChanges:	10
minHeadingChanges:	7
