sx:	51
sy:	49
ex:	13
ey:	114
shortestPathLength:	78.98801
straightLineDistance:	75.29276
directness:	1.0490783
distanceCoverage:	0.3878546
minMapCoverage:	0.4068899
shortestPathHeadingChanges:	6
minHeadingChanges:	5
