sx:	70
sy:	55
ex:	43
ey:	20
shortestPathLength:	75.44075
straightLineDistance:	44.20407
directness:	1.7066472
distanceCoverage:	0.22770785
minMapCoverage:	0.38861695
shortestPathHeadingChanges:	8
minHeadingChanges:	5
