sx:	72
sy:	121
ex:	74
ey:	101
shortestPathLength:	24.404804
straightLineDistance:	20.09975
directness:	1.2141844
distanceCoverage:	0.10353958
minMapCoverage:	0.12571615
shortestPathHeadingChanges:	6
minHeadingChanges:	3
