sx:	76
sy:	113
ex:	65
ey:	109
shortestPathLength:	11.7046995
straightLineDistance:	11.7046995
directness:	1.0
distanceCoverage:	0.060294263
minMapCoverage:	0.060294263
shortestPathHeadingChanges:	2
minHeadingChanges:	2
