sx:	85
sy:	106
ex:	51
ey:	120
shortestPathLength:	36.825806
straightLineDistance:	36.769554
directness:	1.0015298
distanceCoverage:	0.18941052
minMapCoverage:	0.18970029
shortestPathHeadingChanges:	3
minHeadingChanges:	3
