sx:	85
sy:	58
ex:	62
ey:	82
shortestPathLength:	58.01515
straightLineDistance:	33.24154
directness:	1.7452606
distanceCoverage:	0.17123671
minMapCoverage:	0.29885268
shortestPathHeadingChanges:	6
minHeadingChanges:	3
