sx:	86
sy:	84
ex:	103
ey:	82
shortestPathLength:	17.117243
straightLineDistance:	17.117243
directness:	1.0
distanceCoverage:	0.088175826
minMapCoverage:	0.088175826
shortestPathHeadingChanges:	2
minHeadingChanges:	2
