sx:	89
sy:	68
ex:	144
ey:	70
shortestPathLength:	57.40519
straightLineDistance:	55.03635
directness:	1.0430413
distanceCoverage:	0.28350803
minMapCoverage:	0.2957106
shortestPathHeadingChanges:	4
minHeadingChanges:	3
