sx:	96
sy:	33
ex:	42
ey:	103
shortestPathLength:	147.39449
straightLineDistance:	88.40814
directness:	1.6672049
distanceCoverage:	0.4554157
minMapCoverage:	0.75927126
shortestPathHeadingChanges:	14
minHeadingChanges:	5
