sx:	96
sy:	85
ex:	24
ey:	61
shortestPathLength:	84.66838
straightLineDistance:	75.89466
directness:	1.1156039
distanceCoverage:	0.39095518
minMapCoverage:	0.43615112
shortestPathHeadingChanges:	6
minHeadingChanges:	3
