sx:	16
sy:	24
ex:	27
ey:	39
shortestPathLength:	21.437616
straightLineDistance:	18.601076
directness:	1.1524934
distanceCoverage:	0.26305893
minMapCoverage:	0.3031737
shortestPathHeadingChanges:	7
minHeadingChanges:	5
