sx:	16
sy:	23
ex:	0
ey:	36
shortestPathLength:	28.327599
straightLineDistance:	20.615528
directness:	1.3740903
distanceCoverage:	0.2915476
minMapCoverage:	0.40061274
shortestPathHeadingChanges:	10
minHeadingChanges:	7
