sx:	19
sy:	24
ex:	9
ey:	37
shortestPathLength:	17.539513
straightLineDistance:	16.40122
directness:	1.0694029
distanceCoverage:	0.23194829
minMapCoverage:	0.24804616
shortestPathHeadingChanges:	4
minHeadingChanges:	4
