sx:	21
sy:	40
ex:	38
ey:	5
shortestPathLength:	46.662945
straightLineDistance:	38.910152
directness:	1.1992486
distanceCoverage:	0.55027264
minMapCoverage:	0.6599137
shortestPathHeadingChanges:	12
minHeadingChanges:	8
