sx:	22
sy:	43
ex:	31
ey:	28
shortestPathLength:	20.239965
straightLineDistance:	17.492855
directness:	1.1570419
distanceCoverage:	0.24738634
minMapCoverage:	0.28623635
shortestPathHeadingChanges:	6
minHeadingChanges:	5
