sx:	25
sy:	14
ex:	44
ey:	45
shortestPathLength:	44.805656
straightLineDistance:	36.359318
directness:	1.232302
distanceCoverage:	0.5141984
minMapCoverage:	0.6336477
shortestPathHeadingChanges:	9
minHeadingChanges:	9
