sx:	25
sy:	15
ex:	50
ey:	1
shortestPathLength:	34.677048
straightLineDistance:	28.653097
directness:	1.2102374
distanceCoverage:	0.40521598
minMapCoverage:	0.49040753
shortestPathHeadingChanges:	9
minHeadingChanges:	7
