sx:	29
sy:	47
ex:	3
ey:	26
shortestPathLength:	70.51049
straightLineDistance:	33.42155
directness:	2.1097312
distanceCoverage:	0.4726521
minMapCoverage:	0.9971689
shortestPathHeadingChanges:	22
minHeadingChanges:	19
