sx:	30
sy:	37
ex:	38
ey:	46
shortestPathLength:	17.307137
straightLineDistance:	12.0415945
directness:	1.4372795
distanceCoverage:	0.17029387
minMapCoverage:	0.24475987
shortestPathHeadingChanges:	5
minHeadingChanges:	5
