sx:	30
sy:	30
ex:	1
ey:	31
shortestPathLength:	44.979412
straightLineDistance:	29.017237
directness:	1.5500929
distanceCoverage:	0.4103657
minMapCoverage:	0.63610494
shortestPathHeadingChanges:	16
minHeadingChanges:	12
