sx:	31
sy:	45
ex:	24
ey:	32
shortestPathLength:	29.718672
straightLineDistance:	14.764823
directness:	2.0128024
distanceCoverage:	0.20880613
minMapCoverage:	0.4202855
shortestPathHeadingChanges:	10
minHeadingChanges:	9
