sx:	33
sy:	41
ex:	42
ey:	27
shortestPathLength:	25.28217
straightLineDistance:	16.643316
directness:	1.5190583
distanceCoverage:	0.23537204
minMapCoverage:	0.35754386
shortestPathHeadingChanges:	9
minHeadingChanges:	6
