sx:	33
sy:	7
ex:	47
ey:	35
shortestPathLength:	56.65809
straightLineDistance:	31.304953
directness:	1.8098762
distanceCoverage:	0.4427189
minMapCoverage:	0.8012664
shortestPathHeadingChanges:	14
minHeadingChanges:	10
