sx:	34
sy:	1
ex:	42
ey:	28
shortestPathLength:	52.874344
straightLineDistance:	28.160255
directness:	1.877623
distanceCoverage:	0.39824614
minMapCoverage:	0.7477561
shortestPathHeadingChanges:	10
minHeadingChanges:	9
