sx:	36
sy:	14
ex:	28
ey:	49
shortestPathLength:	65.532455
straightLineDistance:	35.902645
directness:	1.8252821
distanceCoverage:	0.5077401
minMapCoverage:	0.9267689
shortestPathHeadingChanges:	20
minHeadingChanges:	15
