sx:	37
sy:	3
ex:	16
ey:	43
shortestPathLength:	72.25054
straightLineDistance:	45.17743
directness:	1.5992619
distanceCoverage:	0.63890535
minMapCoverage:	1.0217769
shortestPathHeadingChanges:	17
minHeadingChanges:	12
