sx:	37
sy:	38
ex:	1
ey:	45
shortestPathLength:	45.164783
straightLineDistance:	36.67424
directness:	1.2315124
distanceCoverage:	0.5186521
minMapCoverage:	0.6387265
shortestPathHeadingChanges:	11
minHeadingChanges:	10
