sx:	4
sy:	25
ex:	47
ey:	21
shortestPathLength:	71.65229
straightLineDistance:	43.185646
directness:	1.6591691
distanceCoverage:	0.61073726
minMapCoverage:	1.0133164
shortestPathHeadingChanges:	18
minHeadingChanges:	15
