sx:	42
sy:	46
ex:	29
ey:	14
shortestPathLength:	45.03608
straightLineDistance:	34.539833
directness:	1.3038882
distanceCoverage:	0.488467
minMapCoverage:	0.6369063
shortestPathHeadingChanges:	11
minHeadingChanges:	9
