sx:	43
sy:	6
ex:	40
ey:	48
shortestPathLength:	56.528038
straightLineDistance:	42.107006
directness:	1.3424853
distanceCoverage:	0.595483
minMapCoverage:	0.79942715
shortestPathHeadingChanges:	13
minHeadingChanges:	10
