sx:	45
sy:	19
ex:	39
ey:	22
shortestPathLength:	6.8309517
straightLineDistance:	6.708204
directness:	1.0182981
distanceCoverage:	0.094868325
minMapCoverage:	0.09660424
shortestPathHeadingChanges:	3
minHeadingChanges:	3
