sx:	45
sy:	29
ex:	41
ey:	49
shortestPathLength:	27.965866
straightLineDistance:	20.396078
directness:	1.3711394
distanceCoverage:	0.2884441
minMapCoverage:	0.39549708
shortestPathHeadingChanges:	7
minHeadingChanges:	5
