sx:	46
sy:	32
ex:	13
ey:	28
shortestPathLength:	42.21333
straightLineDistance:	33.24154
directness:	1.269897
distanceCoverage:	0.47010636
minMapCoverage:	0.59698665
shortestPathHeadingChanges:	11
minHeadingChanges:	8
