sx:	48
sy:	50
ex:	46
ey:	23
shortestPathLength:	36.219822
straightLineDistance:	27.073973
directness:	1.3378097
distanceCoverage:	0.3828838
minMapCoverage:	0.5122256
shortestPathHeadingChanges:	9
minHeadingChanges:	8
