sx:	48
sy:	7
ex:	46
ey:	39
shortestPathLength:	45.02865
straightLineDistance:	32.06244
directness:	1.404405
distanceCoverage:	0.45343137
minMapCoverage:	0.63680124
shortestPathHeadingChanges:	11
minHeadingChanges:	8
