sx:	48
sy:	9
ex:	31
ey:	36
shortestPathLength:	36.006733
straightLineDistance:	31.906113
directness:	1.1285214
distanceCoverage:	0.45122057
minMapCoverage:	0.5092121
shortestPathHeadingChanges:	8
minHeadingChanges:	7
