sx:	49
sy:	19
ex:	4
ey:	42
shortestPathLength:	60.349663
straightLineDistance:	50.537113
directness:	1.1941652
distanceCoverage:	0.7147027
minMapCoverage:	0.8534731
shortestPathHeadingChanges:	16
minHeadingChanges:	12
