sx:	49
sy:	28
ex:	47
ey:	46
shortestPathLength:	33.019234
straightLineDistance:	18.110771
directness:	1.8231821
distanceCoverage:	0.25612497
minMapCoverage:	0.4669625
shortestPathHeadingChanges:	8
minHeadingChanges:	6
