sx:	5
sy:	49
ex:	26
ey:	30
shortestPathLength:	40.18233
straightLineDistance:	28.319605
directness:	1.4188874
distanceCoverage:	0.4004997
minMapCoverage:	0.56826395
shortestPathHeadingChanges:	11
minHeadingChanges:	9
