sx:	6
sy:	19
ex:	22
ey:	46
shortestPathLength:	41.68498
straightLineDistance:	31.38471
directness:	1.3281938
distanceCoverage:	0.44384682
minMapCoverage:	0.5895146
shortestPathHeadingChanges:	10
minHeadingChanges:	7
