sx:	103
sy:	85
ex:	54
ey:	70
shortestPathLength:	51.264008
straightLineDistance:	51.24451
directness:	1.0003805
distanceCoverage:	0.25882387
minMapCoverage:	0.25892234
shortestPathHeadingChanges:	3
minHeadingChanges:	3
