sx:	114
sy:	88
ex:	108
ey:	113
shortestPathLength:	28.018402
straightLineDistance:	25.70992
directness:	1.0897895
distanceCoverage:	0.12985471
minMapCoverage:	0.1415143
shortestPathHeadingChanges:	5
minHeadingChanges:	4
