sx:	118
sy:	58
ex:	53
ey:	37
shortestPathLength:	96.92028
straightLineDistance:	68.30813
directness:	1.4188689
distanceCoverage:	0.34500813
minMapCoverage:	0.48952135
shortestPathHeadingChanges:	8
minHeadingChanges:	4
