sx:	119
sy:	79
ex:	31
ey:	33
shortestPathLength:	103.02562
straightLineDistance:	99.29753
directness:	1.0375446
distanceCoverage:	0.50152826
minMapCoverage:	0.52035797
shortestPathHeadingChanges:	6
minHeadingChanges:	4
