sx:	126
sy:	70
ex:	78
ey:	33
shortestPathLength:	93.01441
straightLineDistance:	60.60528
directness:	1.5347575
distanceCoverage:	0.3061029
minMapCoverage:	0.46979374
shortestPathHeadingChanges:	7
minHeadingChanges:	5
