sx:	129
sy:	64
ex:	95
ey:	100
shortestPathLength:	50.548332
straightLineDistance:	49.517673
directness:	1.020814
distanceCoverage:	0.250102
minMapCoverage:	0.25530764
shortestPathHeadingChanges:	4
minHeadingChanges:	3
