sx:	129
sy:	29
ex:	129
ey:	53
shortestPathLength:	101.06224
straightLineDistance:	24.0
directness:	4.2109265
distanceCoverage:	0.12121831
minMapCoverage:	0.5104414
shortestPathHeadingChanges:	13
minHeadingChanges:	5
