sx:	135
sy:	108
ex:	46
ey:	25
shortestPathLength:	130.46172
straightLineDistance:	121.69634
directness:	1.0720266
distanceCoverage:	0.61465937
minMapCoverage:	0.6589312
shortestPathHeadingChanges:	9
minHeadingChanges:	6
