sx:	136
sy:	123
ex:	89
ey:	24
shortestPathLength:	120.12038
straightLineDistance:	109.59015
directness:	1.0960873
distanceCoverage:	0.5535138
minMapCoverage:	0.6066995
shortestPathHeadingChanges:	5
minHeadingChanges:	4
