sx:	137
sy:	52
ex:	89
ey:	17
shortestPathLength:	105.97822
straightLineDistance:	59.405388
directness:	1.7839832
distanceCoverage:	0.3000425
minMapCoverage:	0.5352708
shortestPathHeadingChanges:	7
minHeadingChanges:	5
