sx:	137
sy:	47
ex:	27
ey:	124
shortestPathLength:	144.22188
straightLineDistance:	134.27211
directness:	1.0741016
distanceCoverage:	0.6781766
minMapCoverage:	0.7284305
shortestPathHeadingChanges:	11
minHeadingChanges:	6
