sx:	15
sy:	20
ex:	124
ey:	136
shortestPathLength:	161.53189
straightLineDistance:	159.17601
directness:	1.0148004
distanceCoverage:	0.80396026
minMapCoverage:	0.81585926
shortestPathHeadingChanges:	9
minHeadingChanges:	5
