sx:	15
sy:	85
ex:	51
ey:	90
shortestPathLength:	59.8522
straightLineDistance:	36.345562
directness:	1.646754
distanceCoverage:	0.18357281
minMapCoverage:	0.30229926
shortestPathHeadingChanges:	5
minHeadingChanges:	3
