sx:	17
sy:	111
ex:	108
ey:	116
shortestPathLength:	106.82179
straightLineDistance:	91.13726
directness:	1.1720979
distanceCoverage:	0.46031266
minMapCoverage:	0.5395315
shortestPathHeadingChanges:	9
minHeadingChanges:	6
