sx:	17
sy:	74
ex:	24
ey:	136
shortestPathLength:	94.32938
straightLineDistance:	62.39391
directness:	1.5118363
distanceCoverage:	0.31513682
minMapCoverage:	0.4764353
shortestPathHeadingChanges:	7
minHeadingChanges:	5
