sx:	18
sy:	29
ex:	34
ey:	106
shortestPathLength:	81.30171
straightLineDistance:	78.64477
directness:	1.0337842
distanceCoverage:	0.39721605
minMapCoverage:	0.41063565
shortestPathHeadingChanges:	5
minHeadingChanges:	4
