sx:	18
sy:	90
ex:	60
ey:	104
shortestPathLength:	97.842255
straightLineDistance:	44.27189
directness:	2.2100313
distanceCoverage:	0.22360681
minMapCoverage:	0.49417803
shortestPathHeadingChanges:	7
minHeadingChanges:	4
