sx:	22
sy:	132
ex:	81
ey:	65
shortestPathLength:	93.19889
straightLineDistance:	89.27486
directness:	1.0439545
distanceCoverage:	0.45090613
minMapCoverage:	0.47072548
shortestPathHeadingChanges:	6
minHeadingChanges:	4
