sx:	23
sy:	137
ex:	117
ey:	89
shortestPathLength:	114.94891
straightLineDistance:	105.546196
directness:	1.0890863
distanceCoverage:	0.5330888
minMapCoverage:	0.5805797
shortestPathHeadingChanges:	6
minHeadingChanges:	4
