sx:	29
sy:	109
ex:	28
ey:	16
shortestPathLength:	95.016556
straightLineDistance:	93.00538
directness:	1.0216243
distanceCoverage:	0.4697481
minMapCoverage:	0.47990608
shortestPathHeadingChanges:	4
minHeadingChanges:	4
