sx:	29
sy:	84
ex:	13
ey:	16
shortestPathLength:	77.89948
straightLineDistance:	69.856995
directness:	1.1151279
distanceCoverage:	0.3528311
minMapCoverage:	0.3934518
shortestPathHeadingChanges:	8
minHeadingChanges:	5
