sx:	3
sy:	120
ex:	20
ey:	101
shortestPathLength:	111.836975
straightLineDistance:	25.495098
directness:	4.386607
distanceCoverage:	0.1287697
minMapCoverage:	0.564862
shortestPathHeadingChanges:	9
minHeadingChanges:	5
