sx:	30
sy:	47
ex:	120
ey:	99
shortestPathLength:	103.98486
straightLineDistance:	103.94229
directness:	1.0004096
distanceCoverage:	0.5249879
minMapCoverage:	0.5252029
shortestPathHeadingChanges:	3
minHeadingChanges:	3
