sx:	33
sy:	81
ex:	49
ey:	87
shortestPathLength:	17.369316
straightLineDistance:	17.088007
directness:	1.0164623
distanceCoverage:	0.086307466
minMapCoverage:	0.08772829
shortestPathHeadingChanges:	3
minHeadingChanges:	3
