sx:	35
sy:	10
ex:	23
ey:	80
shortestPathLength:	72.87363
straightLineDistance:	71.021126
directness:	1.0260838
distanceCoverage:	0.35871086
minMapCoverage:	0.36806738
shortestPathHeadingChanges:	7
minHeadingChanges:	4
