sx:	36
sy:	18
ex:	61
ey:	74
shortestPathLength:	64.77911
straightLineDistance:	61.326992
directness:	1.0562904
distanceCoverage:	0.30974808
minMapCoverage:	0.32718393
shortestPathHeadingChanges:	5
minHeadingChanges:	4
