sx:	38
sy:	30
ex:	62
ey:	25
shortestPathLength:	25.602325
straightLineDistance:	24.5153
directness:	1.0443406
distanceCoverage:	0.12382097
minMapCoverage:	0.12931126
shortestPathHeadingChanges:	3
minHeadingChanges:	3
