sx:	39
sy:	51
ex:	64
ey:	104
shortestPathLength:	82.381645
straightLineDistance:	58.60034
directness:	1.4058219
distanceCoverage:	0.29597643
minMapCoverage:	0.41609013
shortestPathHeadingChanges:	4
minHeadingChanges:	3
