sx:	43
sy:	30
ex:	109
ey:	126
shortestPathLength:	120.84849
straightLineDistance:	116.498924
directness:	1.0373356
distanceCoverage:	0.5884084
minMapCoverage:	0.610377
shortestPathHeadingChanges:	8
minHeadingChanges:	5
