sx:	46
sy:	45
ex:	106
ey:	99
shortestPathLength:	80.96668
straightLineDistance:	80.72174
directness:	1.0030344
distanceCoverage:	0.40770635
minMapCoverage:	0.4089435
shortestPathHeadingChanges:	5
minHeadingChanges:	4
