sx:	53
sy:	101
ex:	99
ey:	121
shortestPathLength:	78.71364
straightLineDistance:	50.159744
directness:	1.5692592
distanceCoverage:	0.25334495
minMapCoverage:	0.3975639
shortestPathHeadingChanges:	9
minHeadingChanges:	4
