sx:	53
sy:	132
ex:	121
ey:	25
shortestPathLength:	128.2498
straightLineDistance:	126.779335
directness:	1.0115986
distanceCoverage:	0.64033234
minMapCoverage:	0.6477593
shortestPathHeadingChanges:	6
minHeadingChanges:	4
