sx:	55
sy:	30
ex:	91
ey:	129
shortestPathLength:	108.841934
straightLineDistance:	105.3423
directness:	1.0332216
distanceCoverage:	0.53205895
minMapCoverage:	0.5497348
shortestPathHeadingChanges:	7
minHeadingChanges:	5
