sx:	69
sy:	86
ex:	96
ey:	81
shortestPathLength:	55.22316
straightLineDistance:	27.45906
directness:	2.0111089
distanceCoverage:	0.1386892
minMapCoverage:	0.27891907
shortestPathHeadingChanges:	7
minHeadingChanges:	3
