sx:	7
sy:	133
ex:	133
ey:	127
shortestPathLength:	148.56848
straightLineDistance:	126.14278
directness:	1.1777804
distanceCoverage:	0.6371172
minMapCoverage:	0.75038415
shortestPathHeadingChanges:	11
minHeadingChanges:	7
