sx:	7
sy:	16
ex:	36
ey:	12
shortestPathLength:	29.345236
straightLineDistance:	29.274563
directness:	1.0024141
distanceCoverage:	0.14785887
minMapCoverage:	0.14821583
shortestPathHeadingChanges:	3
minHeadingChanges:	3
