sx:	79
sy:	65
ex:	2
ey:	120
shortestPathLength:	95.81972
straightLineDistance:	94.62558
directness:	1.0126196
distanceCoverage:	0.47793135
minMapCoverage:	0.48396266
shortestPathHeadingChanges:	4
minHeadingChanges:	4
