sx:	80
sy:	129
ex:	45
ey:	68
shortestPathLength:	84.50914
straightLineDistance:	70.327805
directness:	1.2016462
distanceCoverage:	0.35520905
minMapCoverage:	0.42683563
shortestPathHeadingChanges:	6
minHeadingChanges:	4
