sx:	87
sy:	112
ex:	25
ey:	8
shortestPathLength:	125.77703
straightLineDistance:	121.07848
directness:	1.0388058
distanceCoverage:	0.6115387
minMapCoverage:	0.63526994
shortestPathHeadingChanges:	8
minHeadingChanges:	5
