sx:	95
sy:	26
ex:	98
ey:	91
shortestPathLength:	67.98172
straightLineDistance:	65.06919
directness:	1.0447605
distanceCoverage:	0.32864904
minMapCoverage:	0.34335953
shortestPathHeadingChanges:	6
minHeadingChanges:	4
