sx:	0
sy:	100
ex:	31
ey:	35
shortestPathLength:	72.56511
straightLineDistance:	72.013885
directness:	1.0076544
distanceCoverage:	0.50921506
minMapCoverage:	0.5131128
shortestPathHeadingChanges:	10
minHeadingChanges:	5
