sx:	1
sy:	49
ex:	33
ey:	93
shortestPathLength:	56.19662
straightLineDistance:	54.405884
directness:	1.0329144
distanceCoverage:	0.3847077
minMapCoverage:	0.39737013
shortestPathHeadingChanges:	10
minHeadingChanges:	4
