sx:	10
sy:	38
ex:	69
ey:	82
shortestPathLength:	75.05783
straightLineDistance:	73.60027
directness:	1.0198036
distanceCoverage:	0.52043253
minMapCoverage:	0.530739
shortestPathHeadingChanges:	11
minHeadingChanges:	5
