sx:	11
sy:	29
ex:	23
ey:	77
shortestPathLength:	50.134403
straightLineDistance:	49.47727
directness:	1.0132816
distanceCoverage:	0.34985712
minMapCoverage:	0.35450375
shortestPathHeadingChanges:	8
minHeadingChanges:	4
