sx:	13
sy:	44
ex:	82
ey:	28
shortestPathLength:	71.305595
straightLineDistance:	70.83079
directness:	1.0067034
distanceCoverage:	0.5008493
minMapCoverage:	0.5042067
shortestPathHeadingChanges:	9
minHeadingChanges:	5
