sx:	15
sy:	66
ex:	3
ey:	47
shortestPathLength:	22.680527
straightLineDistance:	22.472204
directness:	1.0092702
distanceCoverage:	0.15890248
minMapCoverage:	0.16037554
shortestPathHeadingChanges:	6
minHeadingChanges:	4
