sx:	19
sy:	21
ex:	74
ey:	36
shortestPathLength:	59.325764
straightLineDistance:	57.00877
directness:	1.0406427
distanceCoverage:	0.4031129
minMapCoverage:	0.4194965
shortestPathHeadingChanges:	8
minHeadingChanges:	5
