sx:	2
sy:	17
ex:	57
ey:	10
shortestPathLength:	56.886543
straightLineDistance:	55.443665
directness:	1.0260242
distanceCoverage:	0.39204592
minMapCoverage:	0.4022486
shortestPathHeadingChanges:	7
minHeadingChanges:	5
