sx:	23
sy:	0
ex:	27
ey:	32
shortestPathLength:	33.328884
straightLineDistance:	32.24903
directness:	1.0334848
distanceCoverage:	0.22803509
minMapCoverage:	0.2356708
shortestPathHeadingChanges:	5
minHeadingChanges:	3
