sx:	25
sy:	58
ex:	95
ey:	81
shortestPathLength:	74.449615
straightLineDistance:	73.68175
directness:	1.0104214
distanceCoverage:	0.5210086
minMapCoverage:	0.5264383
shortestPathHeadingChanges:	9
minHeadingChanges:	5
