sx:	28
sy:	99
ex:	3
ey:	61
shortestPathLength:	46.562668
straightLineDistance:	45.486263
directness:	1.0236644
distanceCoverage:	0.32163644
minMapCoverage:	0.32924777
shortestPathHeadingChanges:	6
minHeadingChanges:	4
