sx:	3
sy:	98
ex:	17
ey:	69
shortestPathLength:	32.35543
straightLineDistance:	32.202484
directness:	1.0047495
distanceCoverage:	0.22770596
minMapCoverage:	0.22878744
shortestPathHeadingChanges:	6
minHeadingChanges:	4
