sx:	35
sy:	18
ex:	9
ey:	3
shortestPathLength:	30.607904
straightLineDistance:	30.016663
directness:	1.0196971
distanceCoverage:	0.21224986
minMapCoverage:	0.21643057
shortestPathHeadingChanges:	5
minHeadingChanges:	4
