sx:	40
sy:	72
ex:	21
ey:	57
shortestPathLength:	24.208004
straightLineDistance:	24.207438
directness:	1.0000234
distanceCoverage:	0.17117243
minMapCoverage:	0.17117643
shortestPathHeadingChanges:	3
minHeadingChanges:	3
