sx:	41
sy:	51
ex:	7
ey:	96
shortestPathLength:	57.709812
straightLineDistance:	56.400356
directness:	1.0232172
distanceCoverage:	0.39881074
minMapCoverage:	0.40807
shortestPathHeadingChanges:	11
minHeadingChanges:	5
