sx:	44
sy:	27
ex:	47
ey:	86
shortestPathLength:	60.56914
straightLineDistance:	59.07622
directness:	1.025271
distanceCoverage:	0.41773197
minMapCoverage:	0.42828852
shortestPathHeadingChanges:	9
minHeadingChanges:	5
