sx:	44
sy:	56
ex:	13
ey:	41
shortestPathLength:	34.577892
straightLineDistance:	34.43835
directness:	1.0040519
distanceCoverage:	0.24351591
minMapCoverage:	0.24450262
shortestPathHeadingChanges:	4
minHeadingChanges:	4
