sx:	46
sy:	56
ex:	33
ey:	77
shortestPathLength:	24.705574
straightLineDistance:	24.698177
directness:	1.0002995
distanceCoverage:	0.17464249
minMapCoverage:	0.17469479
shortestPathHeadingChanges:	3
minHeadingChanges:	3
