sx:	47
sy:	33
ex:	2
ey:	83
shortestPathLength:	71.04923
straightLineDistance:	67.26812
directness:	1.0562096
distanceCoverage:	0.47565743
minMapCoverage:	0.50239396
shortestPathHeadingChanges:	8
minHeadingChanges:	6
