sx:	50
sy:	2
ex:	35
ey:	1
shortestPathLength:	15.123106
straightLineDistance:	15.033297
directness:	1.005974
distanceCoverage:	0.10630146
minMapCoverage:	0.10693651
shortestPathHeadingChanges:	3
minHeadingChanges:	3
