sx:	52
sy:	2
ex:	43
ey:	11
shortestPathLength:	13.487806
straightLineDistance:	12.7279215
directness:	1.0597022
distanceCoverage:	0.089999996
minMapCoverage:	0.09537319
shortestPathHeadingChanges:	4
minHeadingChanges:	3
