sx:	53
sy:	60
ex:	13
ey:	0
shortestPathLength:	73.807655
straightLineDistance:	72.11102
directness:	1.0235281
distanceCoverage:	0.50990194
minMapCoverage:	0.5218989
shortestPathHeadingChanges:	13
minHeadingChanges:	6
