sx:	55
sy:	81
ex:	59
ey:	59
shortestPathLength:	23.433977
straightLineDistance:	22.36068
directness:	1.0479994
distanceCoverage:	0.15811388
minMapCoverage:	0.16570324
shortestPathHeadingChanges:	5
minHeadingChanges:	5
