sx:	56
sy:	58
ex:	89
ey:	64
shortestPathLength:	34.215923
straightLineDistance:	33.54102
directness:	1.0201217
distanceCoverage:	0.23717083
minMapCoverage:	0.24194312
shortestPathHeadingChanges:	7
minHeadingChanges:	3
