sx:	6
sy:	5
ex:	13
ey:	20
shortestPathLength:	20.818748
straightLineDistance:	16.552946
directness:	1.2577065
distanceCoverage:	0.117047004
minMapCoverage:	0.14721078
shortestPathHeadingChanges:	6
minHeadingChanges:	5
