sx:	61
sy:	23
ex:	76
ey:	29
shortestPathLength:	16.173412
straightLineDistance:	16.155495
directness:	1.0011091
distanceCoverage:	0.1142366
minMapCoverage:	0.1143633
shortestPathHeadingChanges:	3
minHeadingChanges:	3
