sx:	65
sy:	48
ex:	84
ey:	45
shortestPathLength:	19.830952
straightLineDistance:	19.235384
directness:	1.0309621
distanceCoverage:	0.1360147
minMapCoverage:	0.140226
shortestPathHeadingChanges:	3
minHeadingChanges:	3
