sx:	66
sy:	15
ex:	67
ey:	51
shortestPathLength:	37.843094
straightLineDistance:	36.013885
directness:	1.0507917
distanceCoverage:	0.2546566
minMapCoverage:	0.2675911
shortestPathHeadingChanges:	6
minHeadingChanges:	4
