sx:	66
sy:	28
ex:	22
ey:	20
shortestPathLength:	45.717728
straightLineDistance:	44.72136
directness:	1.0222795
distanceCoverage:	0.31622776
minMapCoverage:	0.32327315
shortestPathHeadingChanges:	8
minHeadingChanges:	4
