sx:	66
sy:	54
ex:	83
ey:	22
shortestPathLength:	36.93796
straightLineDistance:	36.23534
directness:	1.0193905
distanceCoverage:	0.25622255
minMapCoverage:	0.26119083
shortestPathHeadingChanges:	7
minHeadingChanges:	5
