sx:	67
sy:	24
ex:	90
ey:	75
shortestPathLength:	56.30601
straightLineDistance:	55.946404
directness:	1.0064278
distanceCoverage:	0.39560083
minMapCoverage:	0.39814362
shortestPathHeadingChanges:	9
minHeadingChanges:	4
