sx:	70
sy:	44
ex:	16
ey:	51
shortestPathLength:	54.755222
straightLineDistance:	54.451813
directness:	1.0055721
distanceCoverage:	0.38503247
minMapCoverage:	0.38717788
shortestPathHeadingChanges:	5
minHeadingChanges:	4
