sx:	71
sy:	93
ex:	84
ey:	48
shortestPathLength:	47.709373
straightLineDistance:	46.840153
directness:	1.0185572
distanceCoverage:	0.3312099
minMapCoverage:	0.3373562
shortestPathHeadingChanges:	7
minHeadingChanges:	4
