sx:	73
sy:	36
ex:	28
ey:	69
shortestPathLength:	58.97118
straightLineDistance:	55.803226
directness:	1.0567701
distanceCoverage:	0.3945884
minMapCoverage:	0.4169892
shortestPathHeadingChanges:	9
minHeadingChanges:	5
