sx:	75
sy:	11
ex:	95
ey:	57
shortestPathLength:	51.3351
straightLineDistance:	50.159744
directness:	1.0234323
distanceCoverage:	0.35468295
minMapCoverage:	0.36299396
shortestPathHeadingChanges:	6
minHeadingChanges:	5
