sx:	76
sy:	94
ex:	57
ey:	27
shortestPathLength:	71.785866
straightLineDistance:	69.641945
directness:	1.030785
distanceCoverage:	0.4924429
minMapCoverage:	0.50760275
shortestPathHeadingChanges:	10
minHeadingChanges:	5
