sx:	77
sy:	92
ex:	45
ey:	43
shortestPathLength:	59.407387
straightLineDistance:	58.5235
directness:	1.0151031
distanceCoverage:	0.41382363
minMapCoverage:	0.42007366
shortestPathHeadingChanges:	7
minHeadingChanges:	5
