sx:	97
sy:	36
ex:	62
ey:	86
shortestPathLength:	61.532627
straightLineDistance:	61.03278
directness:	1.0081898
distanceCoverage:	0.43156692
minMapCoverage:	0.4351014
shortestPathHeadingChanges:	9
minHeadingChanges:	5
