sx:	99
sy:	71
ex:	86
ey:	82
shortestPathLength:	17.597298
straightLineDistance:	17.029387
directness:	1.0333489
distanceCoverage:	0.12041595
minMapCoverage:	0.124431685
shortestPathHeadingChanges:	5
minHeadingChanges:	3
