sx:	11
sy:	5
ex:	10
ey:	0
shortestPathLength:	5.1231055
straightLineDistance:	5.0990195
directness:	1.0047237
distanceCoverage:	0.24419874
minMapCoverage:	0.24535225
shortestPathHeadingChanges:	3
minHeadingChanges:	3
