sx:	12
sy:	4
ex:	2
ey:	5
shortestPathLength:	10.062258
straightLineDistance:	10.049875
directness:	1.0012321
distanceCoverage:	0.48130172
minMapCoverage:	0.48189473
shortestPathHeadingChanges:	3
minHeadingChanges:	3
