sx:	19
sy:	6
ex:	0
ey:	2
shortestPathLength:	19.426552
straightLineDistance:	19.416489
directness:	1.0005183
distanceCoverage:	0.92988116
minMapCoverage:	0.93036306
shortestPathHeadingChanges:	3
minHeadingChanges:	3
