sx:	11
sy:	16
ex:	9
ey:	19
shortestPathLength:	4.1622777
straightLineDistance:	3.6055512
directness:	1.1544081
distanceCoverage:	0.12747549
minMapCoverage:	0.14715874
shortestPathHeadingChanges:	3
minHeadingChanges:	3
