sx:	14
sy:	11
ex:	11
ey:	9
shortestPathLength:	3.6502814
straightLineDistance:	3.6055512
directness:	1.0124059
distanceCoverage:	0.12747549
minMapCoverage:	0.12905693
shortestPathHeadingChanges:	3
minHeadingChanges:	3
