sx:	15
sy:	4
ex:	11
ey:	9
shortestPathLength:	11.828427
straightLineDistance:	6.4031243
directness:	1.8472899
distanceCoverage:	0.22638462
minMapCoverage:	0.41819805
shortestPathHeadingChanges:	4
minHeadingChanges:	4
