sx:	16
sy:	16
ex:	15
ey:	11
shortestPathLength:	5.4142137
straightLineDistance:	5.0990195
directness:	1.0618147
distanceCoverage:	0.18027757
minMapCoverage:	0.19142136
shortestPathHeadingChanges:	3
minHeadingChanges:	3
