sx:	17
sy:	12
ex:	14
ey:	20
shortestPathLength:	8.91119
straightLineDistance:	8.5440035
directness:	1.0429759
distanceCoverage:	0.30207613
minMapCoverage:	0.31505814
shortestPathHeadingChanges:	3
minHeadingChanges:	3
