sx:	10
sy:	11
ex:	0
ey:	0
shortestPathLength:	49.419044
straightLineDistance:	14.866069
directness:	3.3242846
distanceCoverage:	0.83496165
minMapCoverage:	2.7756503
shortestPathHeadingChanges:	14
minHeadingChanges:	14
