sx:	13
sy:	12
ex:	24
ey:	24
shortestPathLength:	16.433979
straightLineDistance:	16.27882
directness:	1.0095314
distanceCoverage:	0.38369545
minMapCoverage:	0.3873526
shortestPathHeadingChanges:	4
minHeadingChanges:	3
