sx:	13
sy:	2
ex:	9
ey:	11
shortestPathLength:	9.8704815
straightLineDistance:	9.848858
directness:	1.0021956
distanceCoverage:	0.23213981
minMapCoverage:	0.23264948
shortestPathHeadingChanges:	3
minHeadingChanges:	3
