sx:	14
sy:	13
ex:	28
ey:	18
shortestPathLength:	15.015684
straightLineDistance:	14.866069
directness:	1.0100642
distanceCoverage:	0.3503966
minMapCoverage:	0.35392308
shortestPathHeadingChanges:	3
minHeadingChanges:	3
