sx:	16
sy:	17
ex:	24
ey:	10
shortestPathLength:	11.44717
straightLineDistance:	10.630146
directness:	1.0768591
distanceCoverage:	0.25055495
minMapCoverage:	0.2698124
shortestPathHeadingChanges:	4
minHeadingChanges:	3
