sx:	17
sy:	11
ex:	3
ey:	21
shortestPathLength:	17.730446
straightLineDistance:	17.20465
directness:	1.0305612
distanceCoverage:	0.40551752
minMapCoverage:	0.4179106
shortestPathHeadingChanges:	5
minHeadingChanges:	3
