sx:	19
sy:	13
ex:	8
ey:	28
shortestPathLength:	18.892445
straightLineDistance:	18.601076
directness:	1.0156641
distanceCoverage:	0.43843156
minMapCoverage:	0.44529918
shortestPathHeadingChanges:	3
minHeadingChanges:	3
