sx:	19
sy:	8
ex:	11
ey:	30
shortestPathLength:	23.714602
straightLineDistance:	23.409399
directness:	1.0130376
distanceCoverage:	0.55176485
minMapCoverage:	0.55895853
shortestPathHeadingChanges:	4
minHeadingChanges:	3
