sx:	22
sy:	3
ex:	21
ey:	21
shortestPathLength:	18.369915
straightLineDistance:	18.027756
directness:	1.0189795
distanceCoverage:	0.42491826
minMapCoverage:	0.43298304
shortestPathHeadingChanges:	4
minHeadingChanges:	3
