sx:	27
sy:	10
ex:	5
ey:	12
shortestPathLength:	22.091469
straightLineDistance:	22.090721
directness:	1.0000339
distanceCoverage:	0.5206833
minMapCoverage:	0.52070093
shortestPathHeadingChanges:	3
minHeadingChanges:	3
