sx:	28
sy:	13
ex:	7
ey:	15
shortestPathLength:	21.154406
straightLineDistance:	21.095022
directness:	1.002815
distanceCoverage:	0.49721444
minMapCoverage:	0.49861413
shortestPathHeadingChanges:	5
minHeadingChanges:	3
