sx:	28
sy:	27
ex:	29
ey:	2
shortestPathLength:	25.038404
straightLineDistance:	25.019993
directness:	1.0007359
distanceCoverage:	0.58972687
minMapCoverage:	0.59016085
shortestPathHeadingChanges:	3
minHeadingChanges:	3
