sx:	29
sy:	17
ex:	12
ey:	23
shortestPathLength:	18.74813
straightLineDistance:	18.027756
directness:	1.0399592
distanceCoverage:	0.42491826
minMapCoverage:	0.4418977
shortestPathHeadingChanges:	4
minHeadingChanges:	4
