sx:	4
sy:	13
ex:	29
ey:	15
shortestPathLength:	25.45698
straightLineDistance:	25.079872
directness:	1.0150362
distanceCoverage:	0.59113824
minMapCoverage:	0.6000268
shortestPathHeadingChanges:	6
minHeadingChanges:	4
