sx:	7
sy:	5
ex:	23
ey:	10
shortestPathLength:	16.928389
straightLineDistance:	16.763054
directness:	1.009863
distanceCoverage:	0.39510897
minMapCoverage:	0.39900595
shortestPathHeadingChanges:	3
minHeadingChanges:	3
