sx:	8
sy:	10
ex:	19
ey:	13
shortestPathLength:	11.667809
straightLineDistance:	11.401754
directness:	1.0233345
distanceCoverage:	0.26874194
minMapCoverage:	0.27501288
shortestPathHeadingChanges:	3
minHeadingChanges:	3
