sx:	8
sy:	15
ex:	29
ey:	27
shortestPathLength:	24.279507
straightLineDistance:	24.186773
directness:	1.003834
distanceCoverage:	0.57008773
minMapCoverage:	0.57227343
shortestPathHeadingChanges:	4
minHeadingChanges:	3
