sx:	8
sy:	18
ex:	18
ey:	13
shortestPathLength:	11.502144
straightLineDistance:	11.18034
directness:	1.0287831
distanceCoverage:	0.26352313
minMapCoverage:	0.27110812
shortestPathHeadingChanges:	3
minHeadingChanges:	3
