sx:	12
sy:	18
ex:	2
ey:	43
shortestPathLength:	27.034504
straightLineDistance:	26.925823
directness:	1.0040363
distanceCoverage:	0.38078865
minMapCoverage:	0.38232562
shortestPathHeadingChanges:	3
minHeadingChanges:	3
