sx:	13
sy:	0
ex:	10
ey:	12
shortestPathLength:	13.281428
straightLineDistance:	12.369317
directness:	1.0737398
distanceCoverage:	0.17492856
minMapCoverage:	0.18782777
shortestPathHeadingChanges:	3
minHeadingChanges:	3
