sx:	14
sy:	8
ex:	47
ey:	19
shortestPathLength:	35.099083
straightLineDistance:	34.785053
directness:	1.0090277
distanceCoverage:	0.49193496
minMapCoverage:	0.49637598
shortestPathHeadingChanges:	5
minHeadingChanges:	3
