sx:	18
sy:	33
ex:	22
ey:	6
shortestPathLength:	27.295967
straightLineDistance:	27.294687
directness:	1.0000468
distanceCoverage:	0.38600516
minMapCoverage:	0.38602328
shortestPathHeadingChanges:	3
minHeadingChanges:	3
