sx:	18
sy:	49
ex:	19
ey:	19
shortestPathLength:	30.038404
straightLineDistance:	30.016663
directness:	1.0007243
distanceCoverage:	0.42449972
minMapCoverage:	0.4248072
shortestPathHeadingChanges:	3
minHeadingChanges:	3
