sx:	20
sy:	10
ex:	46
ey:	27
shortestPathLength:	32.250645
straightLineDistance:	31.06445
directness:	1.038185
distanceCoverage:	0.43931764
minMapCoverage:	0.45609298
shortestPathHeadingChanges:	4
minHeadingChanges:	3
