sx:	24
sy:	3
ex:	37
ey:	50
shortestPathLength:	48.765793
straightLineDistance:	48.76474
directness:	1.0000216
distanceCoverage:	0.68963754
minMapCoverage:	0.68965244
shortestPathHeadingChanges:	4
minHeadingChanges:	3
