sx:	26
sy:	0
ex:	12
ey:	43
shortestPathLength:	45.280025
straightLineDistance:	45.221676
directness:	1.0012903
distanceCoverage:	0.6395311
minMapCoverage:	0.64035624
shortestPathHeadingChanges:	3
minHeadingChanges:	3
