sx:	26
sy:	33
ex:	45
ey:	2
shortestPathLength:	36.572388
straightLineDistance:	36.359318
directness:	1.0058601
distanceCoverage:	0.5141984
minMapCoverage:	0.5172117
shortestPathHeadingChanges:	3
minHeadingChanges:	3
