sx:	27
sy:	40
ex:	3
ey:	25
shortestPathLength:	28.655884
straightLineDistance:	28.301943
directness:	1.0125059
distanceCoverage:	0.40024993
minMapCoverage:	0.4052554
shortestPathHeadingChanges:	4
minHeadingChanges:	3
