sx:	28
sy:	49
ex:	30
ey:	14
shortestPathLength:	35.08892
straightLineDistance:	35.057095
directness:	1.0009078
distanceCoverage:	0.4957822
minMapCoverage:	0.49623227
shortestPathHeadingChanges:	3
minHeadingChanges:	3
