sx:	30
sy:	7
ex:	13
ey:	11
shortestPathLength:	18.262676
straightLineDistance:	17.464249
directness:	1.0457178
distanceCoverage:	0.24698177
minMapCoverage:	0.25827324
shortestPathHeadingChanges:	3
minHeadingChanges:	3
