sx:	32
sy:	14
ex:	11
ey:	18
shortestPathLength:	21.522594
straightLineDistance:	21.377558
directness:	1.0067846
distanceCoverage:	0.30232432
minMapCoverage:	0.30437544
shortestPathHeadingChanges:	4
minHeadingChanges:	3
