sx:	32
sy:	5
ex:	39
ey:	9
shortestPathLength:	9.245041
straightLineDistance:	8.062258
directness:	1.1467062
distanceCoverage:	0.114017546
minMapCoverage:	0.13074462
shortestPathHeadingChanges:	3
minHeadingChanges:	3
