sx:	33
sy:	6
ex:	43
ey:	14
shortestPathLength:	13.457909
straightLineDistance:	12.806249
directness:	1.050886
distanceCoverage:	0.1811077
minMapCoverage:	0.19032358
shortestPathHeadingChanges:	3
minHeadingChanges:	3
