sx:	36
sy:	3
ex:	25
ey:	9
shortestPathLength:	12.803264
straightLineDistance:	12.529964
directness:	1.0218116
distanceCoverage:	0.17720045
minMapCoverage:	0.18106548
shortestPathHeadingChanges:	4
minHeadingChanges:	3
