sx:	38
sy:	14
ex:	17
ey:	16
shortestPathLength:	21.124516
straightLineDistance:	21.095022
directness:	1.0013981
distanceCoverage:	0.29832867
minMapCoverage:	0.29874575
shortestPathHeadingChanges:	3
minHeadingChanges:	3
