sx:	4
sy:	0
ex:	41
ey:	10
shortestPathLength:	38.452053
straightLineDistance:	38.327538
directness:	1.0032487
distanceCoverage:	0.54203326
minMapCoverage:	0.54379416
shortestPathHeadingChanges:	4
minHeadingChanges:	3
