sx:	44
sy:	49
ex:	36
ey:	7
shortestPathLength:	45.897087
straightLineDistance:	42.755116
directness:	1.0734876
distanceCoverage:	0.60464865
minMapCoverage:	0.64908284
shortestPathHeadingChanges:	5
minHeadingChanges:	4
