sx:	45
sy:	10
ex:	4
ey:	42
shortestPathLength:	52.280834
straightLineDistance:	52.009613
directness:	1.0052148
distanceCoverage:	0.735527
minMapCoverage:	0.73936266
shortestPathHeadingChanges:	5
minHeadingChanges:	3
