sx:	45
sy:	45
ex:	20
ey:	12
shortestPathLength:	41.77367
straightLineDistance:	41.400482
directness:	1.0090141
distanceCoverage:	0.58549124
minMapCoverage:	0.59076893
shortestPathHeadingChanges:	4
minHeadingChanges:	3
