sx:	46
sy:	9
ex:	6
ey:	22
shortestPathLength:	42.111267
straightLineDistance:	42.059483
directness:	1.0012312
distanceCoverage:	0.5948109
minMapCoverage:	0.59554327
shortestPathHeadingChanges:	4
minHeadingChanges:	3
