sx:	47
sy:	12
ex:	23
ey:	49
shortestPathLength:	44.52838
straightLineDistance:	44.102154
directness:	1.0096645
distanceCoverage:	0.62369865
minMapCoverage:	0.6297264
shortestPathHeadingChanges:	5
minHeadingChanges:	3
