sx:	48
sy:	49
ex:	1
ey:	48
shortestPathLength:	47.018513
straightLineDistance:	47.010635
directness:	1.0001676
distanceCoverage:	0.6648308
minMapCoverage:	0.6649422
shortestPathHeadingChanges:	3
minHeadingChanges:	3
