sx:	5
sy:	45
ex:	39
ey:	24
shortestPathLength:	40.302654
straightLineDistance:	39.962482
directness:	1.0085123
distanceCoverage:	0.56515485
minMapCoverage:	0.5699656
shortestPathHeadingChanges:	6
minHeadingChanges:	3
