sx:	50
sy:	46
ex:	6
ey:	25
shortestPathLength:	49.190865
straightLineDistance:	48.754486
directness:	1.0089505
distanceCoverage:	0.6894926
minMapCoverage:	0.69566387
shortestPathHeadingChanges:	5
minHeadingChanges:	3
