sx:	50
sy:	45
ex:	18
ey:	37
shortestPathLength:	33.16481
straightLineDistance:	32.984844
directness:	1.005456
distanceCoverage:	0.46647614
minMapCoverage:	0.46902123
shortestPathHeadingChanges:	4
minHeadingChanges:	3
