sx:	8
sy:	47
ex:	47
ey:	9
shortestPathLength:	54.988216
straightLineDistance:	54.451813
directness:	1.009851
distanceCoverage:	0.77006495
minMapCoverage:	0.77765083
shortestPathHeadingChanges:	6
minHeadingChanges:	3
