sx:	9
sy:	49
ex:	46
ey:	14
shortestPathLength:	51.05172
straightLineDistance:	50.931328
directness:	1.0023638
distanceCoverage:	0.7202777
minMapCoverage:	0.72198033
shortestPathHeadingChanges:	3
minHeadingChanges:	3
