sx:	10
sy:	8
ex:	8
ey:	12
shortestPathLength:	7.7082043
straightLineDistance:	4.472136
directness:	1.7236068
distanceCoverage:	0.15811388
minMapCoverage:	0.27252617
shortestPathHeadingChanges:	4
minHeadingChanges:	3
