sx:	12
sy:	1
ex:	10
ey:	18
shortestPathLength:	17.246212
straightLineDistance:	17.117243
directness:	1.0075345
distanceCoverage:	0.6051859
minMapCoverage:	0.6097457
shortestPathHeadingChanges:	3
minHeadingChanges:	3
