sx:	13
sy:	18
ex:	1
ey:	14
shortestPathLength:	12.770329
straightLineDistance:	12.649111
directness:	1.0095832
distanceCoverage:	0.4472136
minMapCoverage:	0.45149934
shortestPathHeadingChanges:	3
minHeadingChanges:	3
