sx:	17
sy:	14
ex:	8
ey:	8
shortestPathLength:	11.358485
straightLineDistance:	10.816654
directness:	1.0500923
distanceCoverage:	0.38242647
minMapCoverage:	0.4015831
shortestPathHeadingChanges:	4
minHeadingChanges:	3
