sx:	18
sy:	11
ex:	3
ey:	5
shortestPathLength:	16.224382
straightLineDistance:	16.155495
directness:	1.004264
distanceCoverage:	0.57118297
minMapCoverage:	0.57361853
shortestPathHeadingChanges:	3
minHeadingChanges:	3
