sx:	19
sy:	2
ex:	11
ey:	15
shortestPathLength:	16.317822
straightLineDistance:	15.264338
directness:	1.069016
distanceCoverage:	0.53967583
minMapCoverage:	0.5769221
shortestPathHeadingChanges:	3
minHeadingChanges:	3
