sx:	20
sy:	20
ex:	1
ey:	14
shortestPathLength:	19.989874
straightLineDistance:	19.924858
directness:	1.003263
distanceCoverage:	0.70445013
minMapCoverage:	0.7067488
shortestPathHeadingChanges:	3
minHeadingChanges:	3
