sx:	6
sy:	4
ex:	17
ey:	19
shortestPathLength:	18.838789
straightLineDistance:	18.601076
directness:	1.0127795
distanceCoverage:	0.6576474
minMapCoverage:	0.66605175
shortestPathHeadingChanges:	3
minHeadingChanges:	3
