sx:	9
sy:	6
ex:	17
ey:	17
shortestPathLength:	13.676621
straightLineDistance:	13.601471
directness:	1.0055252
distanceCoverage:	0.4808846
minMapCoverage:	0.48354158
shortestPathHeadingChanges:	3
minHeadingChanges:	3
