sx:	118
sy:	3
ex:	397
ey:	102
shortestPathLength:	441.53018
straightLineDistance:	296.0439
directness:	1.4914347
distanceCoverage:	0.4186693
minMapCoverage:	0.62441796
shortestPathHeadingChanges:	93
minHeadingChanges:	52
