sx:	12
sy:	88
ex:	427
ey:	407
shortestPathLength:	623.9726
straightLineDistance:	523.4367
directness:	1.1920688
distanceCoverage:	0.74025124
minMapCoverage:	0.8824305
shortestPathHeadingChanges:	129
minHeadingChanges:	73
