sx:	122
sy:	175
ex:	407
ey:	216
shortestPathLength:	324.73953
straightLineDistance:	287.93402
directness:	1.1278262
distanceCoverage:	0.4072002
minMapCoverage:	0.45925105
shortestPathHeadingChanges:	59
minHeadingChanges:	38
