sx:	127
sy:	38
ex:	296
ey:	105
shortestPathLength:	389.4876
straightLineDistance:	181.79659
directness:	2.1424363
distanceCoverage:	0.25709918
minMapCoverage:	0.5508186
shortestPathHeadingChanges:	82
minHeadingChanges:	49
