sx:	164
sy:	435
ex:	81
ey:	101
shortestPathLength:	407.3266
straightLineDistance:	344.1584
directness:	1.183544
distanceCoverage:	0.48671344
minMapCoverage:	0.57604676
shortestPathHeadingChanges:	86
minHeadingChanges:	51
