sx:	168
sy:	414
ex:	114
ey:	61
shortestPathLength:	441.95312
straightLineDistance:	357.1064
directness:	1.2375951
distanceCoverage:	0.50502473
minMapCoverage:	0.6250161
shortestPathHeadingChanges:	94
minHeadingChanges:	56
