sx:	17
sy:	299
ex:	412
ey:	117
shortestPathLength:	525.159
straightLineDistance:	434.91263
directness:	1.2075046
distanceCoverage:	0.6150593
minMapCoverage:	0.7426869
shortestPathHeadingChanges:	98
minHeadingChanges:	59
