sx:	170
sy:	219
ex:	330
ey:	102
shortestPathLength:	235.25339
straightLineDistance:	198.21452
directness:	1.1868625
distanceCoverage:	0.28031766
minMapCoverage:	0.33269852
shortestPathHeadingChanges:	46
minHeadingChanges:	29
