sx:	175
sy:	386
ex:	291
ey:	225
shortestPathLength:	234.93398
straightLineDistance:	198.43639
directness:	1.1839259
distanceCoverage:	0.28063142
minMapCoverage:	0.3322468
shortestPathHeadingChanges:	48
minHeadingChanges:	27
