sx:	188
sy:	400
ex:	323
ey:	110
shortestPathLength:	368.58868
straightLineDistance:	319.88278
directness:	1.1522617
distanceCoverage:	0.45238253
minMapCoverage:	0.5212631
shortestPathHeadingChanges:	71
minHeadingChanges:	37
