sx:	19
sy:	338
ex:	278
ey:	350
shortestPathLength:	341.0294
straightLineDistance:	259.27783
directness:	1.3153049
distanceCoverage:	0.3666742
minMapCoverage:	0.48228836
shortestPathHeadingChanges:	69
minHeadingChanges:	46
