sx:	199
sy:	231
ex:	15
ey:	176
shortestPathLength:	223.48584
straightLineDistance:	192.04427
directness:	1.1637205
distanceCoverage:	0.2715916
minMapCoverage:	0.3160567
shortestPathHeadingChanges:	46
minHeadingChanges:	30
