sx:	206
sy:	2
ex:	192
ey:	5
shortestPathLength:	14.560623
straightLineDistance:	14.3178215
directness:	1.016958
distanceCoverage:	0.020248456
minMapCoverage:	0.020591829
shortestPathHeadingChanges:	4
minHeadingChanges:	4
