sx:	228
sy:	68
ex:	479
ey:	408
shortestPathLength:	532.0105
straightLineDistance:	422.61212
directness:	1.2588624
distanceCoverage:	0.59766376
minMapCoverage:	0.75237644
shortestPathHeadingChanges:	100
minHeadingChanges:	59
