sx:	243
sy:	249
ex:	52
ey:	281
shortestPathLength:	255.18597
straightLineDistance:	193.66208
directness:	1.3176868
distanceCoverage:	0.27387953
minMapCoverage:	0.36088744
shortestPathHeadingChanges:	47
minHeadingChanges:	34
