sx:	251
sy:	324
ex:	125
ey:	328
shortestPathLength:	186.2119
straightLineDistance:	126.06348
directness:	1.477128
distanceCoverage:	0.17828067
minMapCoverage:	0.2633434
shortestPathHeadingChanges:	38
minHeadingChanges:	22
