sx:	261
sy:	344
ex:	461
ey:	87
shortestPathLength:	375.02142
straightLineDistance:	325.65164
directness:	1.1516031
distanceCoverage:	0.46054095
minMapCoverage:	0.53036034
shortestPathHeadingChanges:	71
minHeadingChanges:	41
