sx:	261
sy:	58
ex:	167
ey:	320
shortestPathLength:	393.56323
straightLineDistance:	278.3523
directness:	1.4139034
distanceCoverage:	0.39364958
minMapCoverage:	0.55658245
shortestPathHeadingChanges:	86
minHeadingChanges:	50
