sx:	267
sy:	403
ex:	180
ey:	26
shortestPathLength:	449.36935
straightLineDistance:	386.90826
directness:	1.1614364
distanceCoverage:	0.5471709
minMapCoverage:	0.6355042
shortestPathHeadingChanges:	95
minHeadingChanges:	55
