sx:	278
sy:	294
ex:	294
ey:	452
shortestPathLength:	189.36699
straightLineDistance:	158.80806
directness:	1.1924268
distanceCoverage:	0.2245885
minMapCoverage:	0.26780537
shortestPathHeadingChanges:	47
minHeadingChanges:	30
