sx:	281
sy:	184
ex:	89
ey:	137
shortestPathLength:	246.72522
straightLineDistance:	197.66891
directness:	1.2481741
distanceCoverage:	0.27954605
minMapCoverage:	0.34892213
shortestPathHeadingChanges:	53
minHeadingChanges:	34
