sx:	29
sy:	342
ex:	293
ey:	377
shortestPathLength:	316.73764
straightLineDistance:	266.30997
directness:	1.189357
distanceCoverage:	0.37661916
minMapCoverage:	0.44793466
shortestPathHeadingChanges:	70
minHeadingChanges:	44
