sx:	291
sy:	370
ex:	221
ey:	287
shortestPathLength:	129.68729
straightLineDistance:	108.57716
directness:	1.1944251
distanceCoverage:	0.1535513
minMapCoverage:	0.18340552
shortestPathHeadingChanges:	27
minHeadingChanges:	12
