sx:	296
sy:	104
ex:	122
ey:	494
shortestPathLength:	513.4648
straightLineDistance:	427.05502
directness:	1.2023387
distanceCoverage:	0.603947
minMapCoverage:	0.72614884
shortestPathHeadingChanges:	101
minHeadingChanges:	54
