sx:	299
sy:	225
ex:	87
ey:	398
shortestPathLength:	370.21338
straightLineDistance:	273.6293
directness:	1.3529742
distanceCoverage:	0.38697025
minMapCoverage:	0.52356076
shortestPathHeadingChanges:	79
minHeadingChanges:	46
