sx:	320
sy:	370
ex:	229
ey:	349
shortestPathLength:	124.12199
straightLineDistance:	93.39165
directness:	1.329048
distanceCoverage:	0.13207573
minMapCoverage:	0.175535
shortestPathHeadingChanges:	23
minHeadingChanges:	16
