sx:	321
sy:	419
ex:	18
ey:	294
shortestPathLength:	413.93497
straightLineDistance:	327.77127
directness:	1.2628775
distanceCoverage:	0.46353856
minMapCoverage:	0.5853924
shortestPathHeadingChanges:	90
minHeadingChanges:	54
