sx:	324
sy:	392
ex:	446
ey:	419
shortestPathLength:	203.70927
straightLineDistance:	124.95199
directness:	1.6303004
distanceCoverage:	0.17670879
minMapCoverage:	0.2880884
shortestPathHeadingChanges:	46
minHeadingChanges:	27
