sx:	346
sy:	428
ex:	414
ey:	312
shortestPathLength:	156.50494
straightLineDistance:	134.46188
directness:	1.1639354
distanceCoverage:	0.19015782
minMapCoverage:	0.2213314
shortestPathHeadingChanges:	27
minHeadingChanges:	18
