sx:	350
sy:	439
ex:	354
ey:	436
shortestPathLength:	6.1622777
straightLineDistance:	5.0
directness:	1.2324555
distanceCoverage:	0.0070710676
minMapCoverage:	0.0087147765
shortestPathHeadingChanges:	3
minHeadingChanges:	3
