sx:	353
sy:	34
ex:	36
ey:	96
shortestPathLength:	408.13516
straightLineDistance:	323.0062
directness:	1.2635521
distanceCoverage:	0.45679972
minMapCoverage:	0.5771903
shortestPathHeadingChanges:	89
minHeadingChanges:	52
