sx:	37
sy:	447
ex:	390
ey:	420
shortestPathLength:	430.02332
straightLineDistance:	354.03107
directness:	1.2146485
distanceCoverage:	0.5006755
minMapCoverage:	0.60814476
shortestPathHeadingChanges:	87
minHeadingChanges:	53
