sx:	37
sy:	469
ex:	428
ey:	202
shortestPathLength:	553.378
straightLineDistance:	473.46594
directness:	1.168781
distanceCoverage:	0.66958195
minMapCoverage:	0.7825946
shortestPathHeadingChanges:	113
minHeadingChanges:	66
