sx:	407
sy:	462
ex:	359
ey:	498
shortestPathLength:	91.53452
straightLineDistance:	60.0
directness:	1.5255754
distanceCoverage:	0.08485281
minMapCoverage:	0.12944935
shortestPathHeadingChanges:	23
minHeadingChanges:	17
