sx:	411
sy:	422
ex:	464
ey:	109
shortestPathLength:	387.1814
straightLineDistance:	317.4555
directness:	1.2196399
distanceCoverage:	0.44894987
minMapCoverage:	0.5475572
shortestPathHeadingChanges:	86
minHeadingChanges:	46
