sx:	428
sy:	142
ex:	91
ey:	102
shortestPathLength:	453.76086
straightLineDistance:	339.36557
directness:	1.3370857
distanceCoverage:	0.47993538
minMapCoverage:	0.64171475
shortestPathHeadingChanges:	96
minHeadingChanges:	58
