sx:	429
sy:	149
ex:	325
ey:	448
shortestPathLength:	406.86633
straightLineDistance:	316.57068
directness:	1.2852306
distanceCoverage:	0.44769853
minMapCoverage:	0.5753959
shortestPathHeadingChanges:	91
minHeadingChanges:	50
