sx:	43
sy:	487
ex:	184
ey:	335
shortestPathLength:	261.72354
straightLineDistance:	207.32825
directness:	1.2623632
distanceCoverage:	0.2932064
minMapCoverage:	0.37013295
shortestPathHeadingChanges:	59
minHeadingChanges:	35
