sx:	43
sy:	453
ex:	423
ey:	400
shortestPathLength:	466.56213
straightLineDistance:	383.67825
directness:	1.2160244
distanceCoverage:	0.54260296
minMapCoverage:	0.6598185
shortestPathHeadingChanges:	100
minHeadingChanges:	58
