sx:	439
sy:	323
ex:	19
ey:	382
shortestPathLength:	477.4325
straightLineDistance:	424.1238
directness:	1.1256913
distanceCoverage:	0.5998016
minMapCoverage:	0.67519146
shortestPathHeadingChanges:	103
minHeadingChanges:	60
