sx:	48
sy:	243
ex:	263
ey:	437
shortestPathLength:	377.2167
straightLineDistance:	289.58765
directness:	1.3025994
distanceCoverage:	0.40953875
minMapCoverage:	0.53346497
shortestPathHeadingChanges:	89
minHeadingChanges:	52
