sx:	489
sy:	163
ex:	145
ey:	232
shortestPathLength:	391.33707
straightLineDistance:	350.8518
directness:	1.1153914
distanceCoverage:	0.49617937
minMapCoverage:	0.5534342
shortestPathHeadingChanges:	87
minHeadingChanges:	48
