sx:	49
sy:	332
ex:	468
ey:	398
shortestPathLength:	529.8531
straightLineDistance:	424.16623
directness:	1.2491637
distanceCoverage:	0.5998616
minMapCoverage:	0.7493254
shortestPathHeadingChanges:	113
minHeadingChanges:	65
