sx:	491
sy:	258
ex:	216
ey:	427
shortestPathLength:	418.39804
straightLineDistance:	322.77856
directness:	1.2962387
distanceCoverage:	0.4564778
minMapCoverage:	0.59170413
shortestPathHeadingChanges:	91
minHeadingChanges:	54
