sx:	498
sy:	283
ex:	99
ey:	253
shortestPathLength:	472.11768
straightLineDistance:	400.12622
directness:	1.1799219
distanceCoverage:	0.5658639
minMapCoverage:	0.6676752
shortestPathHeadingChanges:	93
minHeadingChanges:	59
