sx:	59
sy:	423
ex:	199
ey:	430
shortestPathLength:	164.99435
straightLineDistance:	140.1749
directness:	1.1770606
distanceCoverage:	0.19823723
minMapCoverage:	0.23333724
shortestPathHeadingChanges:	29
minHeadingChanges:	22
