sx:	61
sy:	135
ex:	103
ey:	199
shortestPathLength:	106.94563
straightLineDistance:	76.55064
directness:	1.3970574
distanceCoverage:	0.10825894
minMapCoverage:	0.15124395
shortestPathHeadingChanges:	26
minHeadingChanges:	14
