sx:	94
sy:	117
ex:	147
ey:	121
shortestPathLength:	71.87814
straightLineDistance:	53.15073
directness:	1.3523453
distanceCoverage:	0.07516648
minMapCoverage:	0.10165104
shortestPathHeadingChanges:	17
minHeadingChanges:	12
