sx:	19
sy:	19
ex:	24
ey:	6
shortestPathLength:	19.562967
straightLineDistance:	13.928389
directness:	1.4045391
distanceCoverage:	0.13657908
minMapCoverage:	0.19183068
shortestPathHeadingChanges:	8
minHeadingChanges:	7
