sx:	19
sy:	13
ex:	87
ey:	20
shortestPathLength:	77.66885
straightLineDistance:	68.359344
directness:	1.1361849
distanceCoverage:	0.6703185
minMapCoverage:	0.76160574
shortestPathHeadingChanges:	19
minHeadingChanges:	16
