sx:	22
sy:	16
ex:	80
ey:	0
shortestPathLength:	93.22161
straightLineDistance:	60.166435
directness:	1.5493956
distanceCoverage:	0.5899804
minMapCoverage:	0.9141131
shortestPathHeadingChanges:	27
minHeadingChanges:	18
