sx:	24
sy:	12
ex:	66
ey:	5
shortestPathLength:	51.865936
straightLineDistance:	42.579338
directness:	1.218101
distanceCoverage:	0.41752476
minMapCoverage:	0.50858736
shortestPathHeadingChanges:	15
minHeadingChanges:	11
