sx:	27
sy:	12
ex:	11
ey:	5
shortestPathLength:	26.008018
straightLineDistance:	17.464249
directness:	1.4892149
distanceCoverage:	0.17125104
minMapCoverage:	0.2550296
shortestPathHeadingChanges:	8
minHeadingChanges:	8
