sx:	27
sy:	9
ex:	35
ey:	12
shortestPathLength:	10.062258
straightLineDistance:	8.5440035
directness:	1.1776983
distanceCoverage:	0.08378085
minMapCoverage:	0.09866855
shortestPathHeadingChanges:	3
minHeadingChanges:	3
