sx:	28
sy:	0
ex:	58
ey:	12
shortestPathLength:	45.551163
straightLineDistance:	32.31099
directness:	1.4097731
distanceCoverage:	0.3168353
minMapCoverage:	0.44666588
shortestPathHeadingChanges:	11
minHeadingChanges:	8
