sx:	43
sy:	6
ex:	90
ey:	1
shortestPathLength:	51.096046
straightLineDistance:	47.26521
directness:	1.0810498
distanceCoverage:	0.4634735
minMapCoverage:	0.50103796
shortestPathHeadingChanges:	16
minHeadingChanges:	10
