sx:	45
sy:	5
ex:	68
ey:	3
shortestPathLength:	28.545603
straightLineDistance:	23.086792
directness:	1.2364473
distanceCoverage:	0.22638461
minMapCoverage:	0.27991265
shortestPathHeadingChanges:	12
minHeadingChanges:	9
