sx:	47
sy:	17
ex:	90
ey:	14
shortestPathLength:	49.82984
straightLineDistance:	43.104523
directness:	1.1560235
distanceCoverage:	0.4226746
minMapCoverage:	0.4886218
shortestPathHeadingChanges:	14
minHeadingChanges:	12
