sx:	47
sy:	4
ex:	100
ey:	3
shortestPathLength:	56.538185
straightLineDistance:	53.009434
directness:	1.0665684
distanceCoverage:	0.51980025
minMapCoverage:	0.55440253
shortestPathHeadingChanges:	15
minHeadingChanges:	12
