sx:	48
sy:	6
ex:	26
ey:	3
shortestPathLength:	25.298326
straightLineDistance:	22.203604
directness:	1.1393793
distanceCoverage:	0.21772425
minMapCoverage:	0.2480705
shortestPathHeadingChanges:	6
minHeadingChanges:	6
