sx:	49
sy:	8
ex:	79
ey:	17
shortestPathLength:	43.060562
straightLineDistance:	31.320919
directness:	1.374818
distanceCoverage:	0.30712688
minMapCoverage:	0.42224354
shortestPathHeadingChanges:	13
minHeadingChanges:	11
