sx:	5
sy:	10
ex:	29
ey:	4
shortestPathLength:	34.682255
straightLineDistance:	24.738634
directness:	1.401947
distanceCoverage:	0.24258226
minMapCoverage:	0.34008747
shortestPathHeadingChanges:	11
minHeadingChanges:	9
