sx:	50
sy:	16
ex:	19
ey:	10
shortestPathLength:	33.678757
straightLineDistance:	31.575306
directness:	1.066617
distanceCoverage:	0.30962133
minMapCoverage:	0.33024737
shortestPathHeadingChanges:	8
minHeadingChanges:	7
