sx:	50
sy:	5
ex:	77
ey:	16
shortestPathLength:	40.898285
straightLineDistance:	29.15476
directness:	1.4027996
distanceCoverage:	0.28588593
minMapCoverage:	0.40104067
shortestPathHeadingChanges:	13
minHeadingChanges:	10
