sx:	54
sy:	10
ex:	74
ey:	18
shortestPathLength:	23.977943
straightLineDistance:	21.540659
directness:	1.1131481
distanceCoverage:	0.21122353
minMapCoverage:	0.23512307
shortestPathHeadingChanges:	6
minHeadingChanges:	6
