sx:	54
sy:	8
ex:	27
ey:	4
shortestPathLength:	28.06702
straightLineDistance:	27.294687
directness:	1.0282961
distanceCoverage:	0.26764643
minMapCoverage:	0.27521977
shortestPathHeadingChanges:	5
minHeadingChanges:	5
