sx:	54
sy:	9
ex:	92
ey:	8
shortestPathLength:	46.980335
straightLineDistance:	38.013157
directness:	1.2358967
distanceCoverage:	0.37274966
minMapCoverage:	0.46068007
shortestPathHeadingChanges:	10
minHeadingChanges:	9
