sx:	56
sy:	20
ex:	0
ey:	5
shortestPathLength:	68.06797
straightLineDistance:	57.974133
directness:	1.1741093
distanceCoverage:	0.5684831
minMapCoverage:	0.66746134
shortestPathHeadingChanges:	16
minHeadingChanges:	14
