sx:	58
sy:	15
ex:	32
ey:	16
shortestPathLength:	28.42592
straightLineDistance:	26.019224
directness:	1.0924969
distanceCoverage:	0.25513947
minMapCoverage:	0.27873906
shortestPathHeadingChanges:	10
minHeadingChanges:	7
