sx:	62
sy:	1
ex:	57
ey:	15
shortestPathLength:	38.613728
straightLineDistance:	14.866069
directness:	2.5974405
distanceCoverage:	0.1457738
minMapCoverage:	0.37863874
shortestPathHeadingChanges:	12
minHeadingChanges:	8
