sx:	63
sy:	2
ex:	46
ey:	12
shortestPathLength:	59.715332
straightLineDistance:	19.723083
directness:	3.0276875
distanceCoverage:	0.19340074
minMapCoverage:	0.585557
shortestPathHeadingChanges:	21
minHeadingChanges:	14
