sx:	67
sy:	20
ex:	73
ey:	15
shortestPathLength:	7.8929224
straightLineDistance:	7.81025
directness:	1.0105852
distanceCoverage:	0.0765858
minMapCoverage:	0.07739647
shortestPathHeadingChanges:	3
minHeadingChanges:	3
