sx:	69
sy:	18
ex:	80
ey:	11
shortestPathLength:	19.191248
straightLineDistance:	13.038404
directness:	1.4719015
distanceCoverage:	0.12785207
minMapCoverage:	0.18818566
shortestPathHeadingChanges:	6
minHeadingChanges:	5
