sx:	70
sy:	1
ex:	99
ey:	16
shortestPathLength:	43.740704
straightLineDistance:	32.649654
directness:	1.3396988
distanceCoverage:	0.3201562
minMapCoverage:	0.42891288
shortestPathHeadingChanges:	11
minHeadingChanges:	7
