sx:	75
sy:	11
ex:	34
ey:	15
shortestPathLength:	46.0452
straightLineDistance:	41.19466
directness:	1.1177468
distanceCoverage:	0.40394688
minMapCoverage:	0.45151034
shortestPathHeadingChanges:	12
minHeadingChanges:	10
