sx:	79
sy:	3
ex:	57
ey:	16
shortestPathLength:	33.5574
straightLineDistance:	25.553865
directness:	1.3132025
distanceCoverage:	0.25057626
minMapCoverage:	0.32905737
shortestPathHeadingChanges:	10
minHeadingChanges:	8
