sx:	94
sy:	3
ex:	2
ey:	20
shortestPathLength:	115.29291
straightLineDistance:	93.55747
directness:	1.2323217
distanceCoverage:	0.9174065
minMapCoverage:	1.1305399
shortestPathHeadingChanges:	31
minHeadingChanges:	23
