sx:	95
sy:	17
ex:	99
ey:	1
shortestPathLength:	18.261297
straightLineDistance:	16.492422
directness:	1.1072538
distanceCoverage:	0.1617215
minMapCoverage:	0.17906675
shortestPathHeadingChanges:	4
minHeadingChanges:	3
