sx:	97
sy:	19
ex:	13
ey:	10
shortestPathLength:	94.18486
straightLineDistance:	84.48077
directness:	1.1148674
distanceCoverage:	0.82840204
minMapCoverage:	0.92355853
shortestPathHeadingChanges:	23
minHeadingChanges:	19
