sx:	0
sy:	16
ex:	3
ey:	19
shortestPathLength:	4.6055512
straightLineDistance:	4.2426405
directness:	1.0855389
distanceCoverage:	0.14999999
minMapCoverage:	0.16283083
shortestPathHeadingChanges:	3
minHeadingChanges:	3
