sx:	14
sy:	11
ex:	15
ey:	2
shortestPathLength:	9.699596
straightLineDistance:	9.055386
directness:	1.0711411
distanceCoverage:	0.32015622
minMapCoverage:	0.34293252
shortestPathHeadingChanges:	5
minHeadingChanges:	4
