sx:	14
sy:	16
ex:	5
ey:	17
shortestPathLength:	10.6409855
straightLineDistance:	9.055386
directness:	1.1751002
distanceCoverage:	0.32015622
minMapCoverage:	0.37621564
shortestPathHeadingChanges:	6
minHeadingChanges:	5
