sx:	14
sy:	11
ex:	18
ey:	10
shortestPathLength:	5.472136
straightLineDistance:	4.1231055
directness:	1.327188
distanceCoverage:	0.1457738
minMapCoverage:	0.19346923
shortestPathHeadingChanges:	4
minHeadingChanges:	3
