sx:	15
sy:	18
ex:	11
ey:	17
shortestPathLength:	4.4142137
straightLineDistance:	4.1231055
directness:	1.0706041
distanceCoverage:	0.1457738
minMapCoverage:	0.15606602
shortestPathHeadingChanges:	3
minHeadingChanges:	3
