sx:	15
sy:	16
ex:	5
ey:	12
shortestPathLength:	16.270363
straightLineDistance:	10.770329
directness:	1.5106653
distanceCoverage:	0.38078865
minMapCoverage:	0.5752442
shortestPathHeadingChanges:	6
minHeadingChanges:	6
