sx:	16
sy:	14
ex:	4
ey:	8
shortestPathLength:	13.462852
straightLineDistance:	13.416408
directness:	1.0034617
distanceCoverage:	0.47434163
minMapCoverage:	0.47598368
shortestPathHeadingChanges:	5
minHeadingChanges:	3
