sx:	17
sy:	0
ex:	13
ey:	13
shortestPathLength:	13.631376
straightLineDistance:	13.601471
directness:	1.0021987
distanceCoverage:	0.4808846
minMapCoverage:	0.48194194
shortestPathHeadingChanges:	3
minHeadingChanges:	3
