sx:	4
sy:	19
ex:	16
ey:	17
shortestPathLength:	12.828427
straightLineDistance:	12.165525
directness:	1.0544902
distanceCoverage:	0.43011627
minMapCoverage:	0.4535534
shortestPathHeadingChanges:	4
minHeadingChanges:	4
