sx:	5
sy:	17
ex:	13
ey:	15
shortestPathLength:	10.307136
straightLineDistance:	8.246211
directness:	1.2499238
distanceCoverage:	0.2915476
minMapCoverage:	0.36441228
shortestPathHeadingChanges:	5
minHeadingChanges:	4
