sx:	8
sy:	16
ex:	12
ey:	4
shortestPathLength:	12.837788
straightLineDistance:	12.649111
directness:	1.0149162
distanceCoverage:	0.4472136
minMapCoverage:	0.45388433
shortestPathHeadingChanges:	4
minHeadingChanges:	3
