sx:	12
sy:	3
ex:	17
ey:	6
shortestPathLength:	8.496977
straightLineDistance:	5.8309517
directness:	1.4572196
distanceCoverage:	0.27925193
minMapCoverage:	0.40693137
shortestPathHeadingChanges:	4
minHeadingChanges:	3
