sx:	13
sy:	0
ex:	17
ey:	2
shortestPathLength:	13.077686
straightLineDistance:	4.472136
directness:	2.9242594
distanceCoverage:	0.21417646
minMapCoverage:	0.62630755
shortestPathHeadingChanges:	5
minHeadingChanges:	4
