sx:	13
sy:	2
ex:	16
ey:	3
shortestPathLength:	10.064495
straightLineDistance:	3.1622777
directness:	3.1826727
distanceCoverage:	0.15144563
minMapCoverage:	0.4820019
shortestPathHeadingChanges:	5
minHeadingChanges:	4
