sx:	14
sy:	1
ex:	13
ey:	6
shortestPathLength:	7.4787083
straightLineDistance:	5.0990195
directness:	1.4666953
distanceCoverage:	0.24419874
minMapCoverage:	0.35816517
shortestPathHeadingChanges:	4
minHeadingChanges:	3
