sx:	17
sy:	2
ex:	12
ey:	3
shortestPathLength:	10.019764
straightLineDistance:	5.0990195
directness:	1.9650373
distanceCoverage:	0.24419874
minMapCoverage:	0.47985965
shortestPathHeadingChanges:	5
minHeadingChanges:	4
