sx:	18
sy:	5
ex:	12
ey:	1
shortestPathLength:	11.162277
straightLineDistance:	7.2111025
directness:	1.5479294
distanceCoverage:	0.34534916
minMapCoverage:	0.5345761
shortestPathHeadingChanges:	4
minHeadingChanges:	3
