sx:	20
sy:	5
ex:	12
ey:	3
shortestPathLength:	11.414213
straightLineDistance:	8.246211
directness:	1.3841767
distanceCoverage:	0.39492187
minMapCoverage:	0.54664165
shortestPathHeadingChanges:	4
minHeadingChanges:	3
