sx:	0
sy:	6
ex:	16
ey:	1
shortestPathLength:	17.931711
straightLineDistance:	16.763054
directness:	1.0697162
distanceCoverage:	0.80280465
minMapCoverage:	0.85877323
shortestPathHeadingChanges:	6
minHeadingChanges:	6
