sx:	13
sy:	1
ex:	20
ey:	2
shortestPathLength:	13.708203
straightLineDistance:	7.071068
directness:	1.9386327
distanceCoverage:	0.33864272
minMapCoverage:	0.65650386
shortestPathHeadingChanges:	7
minHeadingChanges:	6
