sx:	13
sy:	1
ex:	17
ey:	2
shortestPathLength:	9.398346
straightLineDistance:	4.1231055
directness:	2.2794337
distanceCoverage:	0.19746093
minMapCoverage:	0.45009914
shortestPathHeadingChanges:	5
minHeadingChanges:	4
