sx:	18
sy:	1
ex:	20
ey:	4
shortestPathLength:	9.398346
straightLineDistance:	3.6055512
directness:	2.6066322
distanceCoverage:	0.17267458
minMapCoverage:	0.45009914
shortestPathHeadingChanges:	5
minHeadingChanges:	4
