sx:	19
sy:	0
ex:	7
ey:	6
shortestPathLength:	13.974947
straightLineDistance:	13.416408
directness:	1.0416311
distanceCoverage:	0.64252937
minMapCoverage:	0.66927856
shortestPathHeadingChanges:	4
minHeadingChanges:	4
