sx:	19
sy:	2
ex:	11
ey:	5
shortestPathLength:	10.255833
straightLineDistance:	8.5440035
directness:	1.2003545
distanceCoverage:	0.40918356
minMapCoverage:	0.4911653
shortestPathHeadingChanges:	5
minHeadingChanges:	5
