sx:	20
sy:	3
ex:	14
ey:	2
shortestPathLength:	6.1622777
straightLineDistance:	6.0827627
directness:	1.0130721
distanceCoverage:	0.2913115
minMapCoverage:	0.29511958
shortestPathHeadingChanges:	3
minHeadingChanges:	3
