sx:	8
sy:	2
ex:	12
ey:	3
shortestPathLength:	4.1622777
straightLineDistance:	4.1231055
directness:	1.0095006
distanceCoverage:	0.19746093
minMapCoverage:	0.19933695
shortestPathHeadingChanges:	3
minHeadingChanges:	3
