sx:	16
sy:	6
ex:	20
ey:	2
shortestPathLength:	5.8416195
straightLineDistance:	5.656854
directness:	1.0326622
distanceCoverage:	0.27091417
minMapCoverage:	0.27976283
shortestPathHeadingChanges:	3
minHeadingChanges:	3
