sx:	18
sy:	5
ex:	12
ey:	3
shortestPathLength:	7.0827627
straightLineDistance:	6.3245554
directness:	1.1198831
distanceCoverage:	0.30289125
minMapCoverage:	0.33920282
shortestPathHeadingChanges:	3
minHeadingChanges:	3
