sx:	101
sy:	64
ex:	52
ey:	95
shortestPathLength:	61.686935
straightLineDistance:	57.982758
directness:	1.0638841
distanceCoverage:	0.29285714
minMapCoverage:	0.31156608
shortestPathHeadingChanges:	4
minHeadingChanges:	3
