sx:	112
sy:	83
ex:	65
ey:	103
shortestPathLength:	52.81617
straightLineDistance:	51.078373
directness:	1.0340222
distanceCoverage:	0.25798473
minMapCoverage:	0.26676193
shortestPathHeadingChanges:	5
minHeadingChanges:	3
