sx:	115
sy:	105
ex:	127
ey:	88
shortestPathLength:	20.808653
straightLineDistance:	20.808653
directness:	1.0
distanceCoverage:	0.10509957
minMapCoverage:	0.10509957
shortestPathHeadingChanges:	2
minHeadingChanges:	2
