sx:	128
sy:	40
ex:	131
ey:	97
shortestPathLength:	59.664406
straightLineDistance:	57.07889
directness:	1.0452971
distanceCoverage:	0.28829193
minMapCoverage:	0.30135074
shortestPathHeadingChanges:	4
minHeadingChanges:	3
