sx:	129
sy:	124
ex:	65
ey:	129
shortestPathLength:	67.60105
straightLineDistance:	64.195015
directness:	1.0530577
distanceCoverage:	0.3242338
minMapCoverage:	0.34143686
shortestPathHeadingChanges:	9
minHeadingChanges:	6
