sx:	13
sy:	111
ex:	4
ey:	62
shortestPathLength:	61.400627
straightLineDistance:	49.819675
directness:	1.2324574
distanceCoverage:	0.25162736
minMapCoverage:	0.31012
shortestPathHeadingChanges:	6
minHeadingChanges:	4
