sx:	131
sy:	85
ex:	21
ey:	32
shortestPathLength:	130.20255
straightLineDistance:	122.10242
directness:	1.0663388
distanceCoverage:	0.61671036
minMapCoverage:	0.65762216
shortestPathHeadingChanges:	7
minHeadingChanges:	5
