sx:	133
sy:	89
ex:	78
ey:	34
shortestPathLength:	120.867714
straightLineDistance:	77.781746
directness:	1.5539342
distanceCoverage:	0.39285713
minMapCoverage:	0.61047417
shortestPathHeadingChanges:	10
minHeadingChanges:	4
