sx:	135
sy:	57
ex:	85
ey:	26
shortestPathLength:	132.10463
straightLineDistance:	58.830265
directness:	2.2455215
distanceCoverage:	0.2971377
minMapCoverage:	0.6672291
shortestPathHeadingChanges:	17
minHeadingChanges:	6
