sx:	14
sy:	34
ex:	97
ey:	74
shortestPathLength:	103.15371
straightLineDistance:	92.13577
directness:	1.1195837
distanceCoverage:	0.46535593
minMapCoverage:	0.5210049
shortestPathHeadingChanges:	7
minHeadingChanges:	5
