sx:	14
sy:	60
ex:	98
ey:	68
shortestPathLength:	89.52008
straightLineDistance:	84.38009
directness:	1.0609148
distanceCoverage:	0.42618382
minMapCoverage:	0.45214468
shortestPathHeadingChanges:	4
minHeadingChanges:	4
