sx:	14
sy:	74
ex:	88
ey:	116
shortestPathLength:	94.82923
straightLineDistance:	85.08819
directness:	1.1144817
distanceCoverage:	0.42976025
minMapCoverage:	0.47895995
shortestPathHeadingChanges:	6
minHeadingChanges:	3
