sx:	14
sy:	71
ex:	123
ey:	67
shortestPathLength:	125.36866
straightLineDistance:	109.07337
directness:	1.1493975
distanceCoverage:	0.55090374
minMapCoverage:	0.6332074
shortestPathHeadingChanges:	11
minHeadingChanges:	6
