sx:	16
sy:	113
ex:	49
ey:	135
shortestPathLength:	176.85164
straightLineDistance:	39.661064
directness:	4.4590745
distanceCoverage:	0.20031862
minMapCoverage:	0.8932357
shortestPathHeadingChanges:	15
minHeadingChanges:	7
