sx:	18
sy:	19
ex:	122
ey:	130
shortestPathLength:	162.27414
straightLineDistance:	152.10852
directness:	1.0668314
distanceCoverage:	0.76826406
minMapCoverage:	0.81960815
shortestPathHeadingChanges:	13
minHeadingChanges:	6
