sx:	2
sy:	76
ex:	84
ey:	20
shortestPathLength:	106.78124
straightLineDistance:	99.29753
directness:	1.0753665
distanceCoverage:	0.50152826
minMapCoverage:	0.5393267
shortestPathHeadingChanges:	8
minHeadingChanges:	6
