sx:	23
sy:	89
ex:	26
ey:	40
shortestPathLength:	49.710045
straightLineDistance:	49.09175
directness:	1.0125947
distanceCoverage:	0.24795079
minMapCoverage:	0.25107363
shortestPathHeadingChanges:	6
minHeadingChanges:	4
