sx:	26
sy:	68
ex:	55
ey:	17
shortestPathLength:	58.823418
straightLineDistance:	58.66856
directness:	1.0026395
distanceCoverage:	0.29632097
minMapCoverage:	0.29710314
shortestPathHeadingChanges:	4
minHeadingChanges:	3
