sx:	29
sy:	103
ex:	104
ey:	73
shortestPathLength:	129.918
straightLineDistance:	80.77747
directness:	1.6083444
distanceCoverage:	0.40798786
minMapCoverage:	0.656185
shortestPathHeadingChanges:	7
minHeadingChanges:	5
