sx:	29
sy:	92
ex:	103
ey:	99
shortestPathLength:	116.45149
straightLineDistance:	74.330345
directness:	1.566675
distanceCoverage:	0.37542495
minMapCoverage:	0.58816886
shortestPathHeadingChanges:	8
minHeadingChanges:	5
