sx:	33
sy:	64
ex:	97
ey:	136
shortestPathLength:	96.971085
straightLineDistance:	96.332756
directness:	1.0066262
distanceCoverage:	0.4865539
minMapCoverage:	0.48977795
shortestPathHeadingChanges:	6
minHeadingChanges:	4
