sx:	35
sy:	28
ex:	80
ey:	120
shortestPathLength:	132.53146
straightLineDistance:	102.41582
directness:	1.2940527
distanceCoverage:	0.517278
minMapCoverage:	0.66938496
shortestPathHeadingChanges:	12
minHeadingChanges:	6
