sx:	36
sy:	22
ex:	105
ey:	59
shortestPathLength:	125.737885
straightLineDistance:	78.29432
directness:	1.6059643
distanceCoverage:	0.39544603
minMapCoverage:	0.63507223
shortestPathHeadingChanges:	11
minHeadingChanges:	6
