sx:	37
sy:	62
ex:	106
ey:	60
shortestPathLength:	115.00668
straightLineDistance:	69.02898
directness:	1.6660639
distanceCoverage:	0.348649
minMapCoverage:	0.58087146
shortestPathHeadingChanges:	9
minHeadingChanges:	6
