sx:	38
sy:	30
ex:	108
ey:	64
shortestPathLength:	118.71807
straightLineDistance:	77.820305
directness:	1.5255411
distanceCoverage:	0.3930519
minMapCoverage:	0.5996168
shortestPathHeadingChanges:	11
minHeadingChanges:	6
