sx:	40
sy:	78
ex:	110
ey:	118
shortestPathLength:	81.66174
straightLineDistance:	80.622574
directness:	1.0128893
distanceCoverage:	0.4072055
minMapCoverage:	0.4124541
shortestPathHeadingChanges:	5
minHeadingChanges:	4
