sx:	45
sy:	19
ex:	24
ey:	57
shortestPathLength:	45.12386
straightLineDistance:	43.416588
directness:	1.039323
distanceCoverage:	0.21928689
minMapCoverage:	0.22790991
shortestPathHeadingChanges:	5
minHeadingChanges:	3
