sx:	47
sy:	55
ex:	112
ey:	14
shortestPathLength:	87.64526
straightLineDistance:	76.8505
directness:	1.1404644
distanceCoverage:	0.38815364
minMapCoverage:	0.44267544
shortestPathHeadingChanges:	7
minHeadingChanges:	4
