sx:	50
sy:	133
ex:	87
ey:	5
shortestPathLength:	182.68661
straightLineDistance:	133.24039
directness:	1.3711054
distanceCoverage:	0.6729656
minMapCoverage:	0.9227067
shortestPathHeadingChanges:	19
minHeadingChanges:	8
