sx:	52
sy:	129
ex:	32
ey:	100
shortestPathLength:	160.23624
straightLineDistance:	35.22783
directness:	4.5485697
distanceCoverage:	0.1779274
minMapCoverage:	0.8093152
shortestPathHeadingChanges:	13
minHeadingChanges:	7
