sx:	54
sy:	52
ex:	101
ey:	119
shortestPathLength:	89.13675
straightLineDistance:	81.84131
directness:	1.0891412
distanceCoverage:	0.41336104
minMapCoverage:	0.45020857
shortestPathHeadingChanges:	6
minHeadingChanges:	4
