sx:	57
sy:	103
ex:	133
ey:	47
shortestPathLength:	102.88149
straightLineDistance:	94.40339
directness:	1.0898072
distanceCoverage:	0.4768091
minMapCoverage:	0.51963
shortestPathHeadingChanges:	12
minHeadingChanges:	5
