sx:	58
sy:	120
ex:	135
ey:	119
shortestPathLength:	79.63744
straightLineDistance:	77.00649
directness:	1.0341653
distanceCoverage:	0.38894153
minMapCoverage:	0.40222985
shortestPathHeadingChanges:	7
minHeadingChanges:	5
