sx:	59
sy:	139
ex:	70
ey:	84
shortestPathLength:	76.384575
straightLineDistance:	56.089214
directness:	1.3618407
distanceCoverage:	0.2832933
minMapCoverage:	0.38580036
shortestPathHeadingChanges:	16
minHeadingChanges:	7
