sx:	61
sy:	119
ex:	29
ey:	91
shortestPathLength:	141.89343
straightLineDistance:	42.520584
directness:	3.3370528
distanceCoverage:	0.21476138
minMapCoverage:	0.71667004
shortestPathHeadingChanges:	9
minHeadingChanges:	6
