sx:	70
sy:	18
ex:	99
ey:	62
shortestPathLength:	64.00147
straightLineDistance:	52.69725
directness:	1.2145126
distanceCoverage:	0.26616132
minMapCoverage:	0.32325625
shortestPathHeadingChanges:	7
minHeadingChanges:	3
