sx:	76
sy:	31
ex:	134
ey:	47
shortestPathLength:	131.85211
straightLineDistance:	60.166435
directness:	2.1914563
distanceCoverage:	0.30388638
minMapCoverage:	0.66595376
shortestPathHeadingChanges:	19
minHeadingChanges:	6
