sx:	79
sy:	133
ex:	122
ey:	56
shortestPathLength:	90.839516
straightLineDistance:	88.19297
directness:	1.0300086
distanceCoverage:	0.44544175
minMapCoverage:	0.45880884
shortestPathHeadingChanges:	7
minHeadingChanges:	4
