sx:	79
sy:	66
ex:	106
ey:	59
shortestPathLength:	69.73553
straightLineDistance:	27.89265
directness:	2.50014
distanceCoverage:	0.14087915
minMapCoverage:	0.3522176
shortestPathHeadingChanges:	10
minHeadingChanges:	7
