sx:	85
sy:	29
ex:	79
ey:	49
shortestPathLength:	56.74528
straightLineDistance:	20.880613
directness:	2.717606
distanceCoverage:	0.10546302
minMapCoverage:	0.28660694
shortestPathHeadingChanges:	6
minHeadingChanges:	3
