sx:	86
sy:	103
ex:	43
ey:	72
shortestPathLength:	53.575073
straightLineDistance:	53.009434
directness:	1.0106705
distanceCoverage:	0.26773807
minMapCoverage:	0.27059498
shortestPathHeadingChanges:	6
minHeadingChanges:	4
