sx:	87
sy:	111
ex:	70
ey:	127
shortestPathLength:	31.3275
straightLineDistance:	23.345236
directness:	1.3419226
distanceCoverage:	0.11791125
minMapCoverage:	0.15822777
shortestPathHeadingChanges:	7
minHeadingChanges:	4
