sx:	88
sy:	52
ex:	104
ey:	16
shortestPathLength:	82.85161
straightLineDistance:	39.39543
directness:	2.1030765
distanceCoverage:	0.19897698
minMapCoverage:	0.41846383
shortestPathHeadingChanges:	10
minHeadingChanges:	5
