sx:	9
sy:	61
ex:	38
ey:	98
shortestPathLength:	47.56977
straightLineDistance:	47.010635
directness:	1.0118937
distanceCoverage:	0.23743956
minMapCoverage:	0.24026363
shortestPathHeadingChanges:	4
minHeadingChanges:	3
