sx:	91
sy:	68
ex:	97
ey:	110
shortestPathLength:	43.43441
straightLineDistance:	42.426407
directness:	1.0237589
distanceCoverage:	0.21428572
minMapCoverage:	0.2193769
shortestPathHeadingChanges:	4
minHeadingChanges:	4
