sx:	91
sy:	93
ex:	30
ey:	99
shortestPathLength:	110.5751
straightLineDistance:	61.294373
directness:	1.8040009
distanceCoverage:	0.30958334
minMapCoverage:	0.5584886
shortestPathHeadingChanges:	7
minHeadingChanges:	6
