sx:	93
sy:	98
ex:	2
ey:	69
shortestPathLength:	101.35889
straightLineDistance:	95.50916
directness:	1.0612478
distanceCoverage:	0.48239413
minMapCoverage:	0.5119397
shortestPathHeadingChanges:	9
minHeadingChanges:	5
