sx:	10
sy:	21
ex:	19
ey:	47
shortestPathLength:	27.828426
straightLineDistance:	27.513634
directness:	1.0114413
distanceCoverage:	0.38910154
minMapCoverage:	0.39355338
shortestPathHeadingChanges:	3
minHeadingChanges:	3
