sx:	11
sy:	38
ex:	31
ey:	48
shortestPathLength:	22.526142
straightLineDistance:	22.36068
directness:	1.0073997
distanceCoverage:	0.31622776
minMapCoverage:	0.31856775
shortestPathHeadingChanges:	3
minHeadingChanges:	3
