sx:	16
sy:	26
ex:	45
ey:	29
shortestPathLength:	29.420834
straightLineDistance:	29.15476
directness:	1.0091262
distanceCoverage:	0.41231057
minMapCoverage:	0.4160734
shortestPathHeadingChanges:	4
minHeadingChanges:	3
