sx:	16
sy:	30
ex:	47
ey:	15
shortestPathLength:	35.00643
straightLineDistance:	34.43835
directness:	1.0164956
distanceCoverage:	0.48703182
minMapCoverage:	0.4950657
shortestPathHeadingChanges:	4
minHeadingChanges:	3
