sx:	17
sy:	36
ex:	42
ey:	24
shortestPathLength:	27.76151
straightLineDistance:	27.730848
directness:	1.0011057
distanceCoverage:	0.3921734
minMapCoverage:	0.39260706
shortestPathHeadingChanges:	3
minHeadingChanges:	3
