sx:	21
sy:	10
ex:	44
ey:	26
shortestPathLength:	28.62728
straightLineDistance:	28.01785
directness:	1.0217514
distanceCoverage:	0.39623225
minMapCoverage:	0.40485087
shortestPathHeadingChanges:	4
minHeadingChanges:	3
