sx:	21
sy:	44
ex:	25
ey:	30
shortestPathLength:	14.7046995
straightLineDistance:	14.56022
directness:	1.0099229
distanceCoverage:	0.2059126
minMapCoverage:	0.20795585
shortestPathHeadingChanges:	3
minHeadingChanges:	3
