sx:	23
sy:	13
ex:	24
ey:	5
shortestPathLength:	8.071068
straightLineDistance:	8.062258
directness:	1.0010928
distanceCoverage:	0.114017546
minMapCoverage:	0.114142135
shortestPathHeadingChanges:	3
minHeadingChanges:	3
