sx:	25
sy:	49
ex:	1
ey:	43
shortestPathLength:	26.10871
straightLineDistance:	24.738634
directness:	1.055382
distanceCoverage:	0.34985712
minMapCoverage:	0.36923292
shortestPathHeadingChanges:	6
minHeadingChanges:	3
