sx:	25
sy:	5
ex:	49
ey:	27
shortestPathLength:	33.240997
straightLineDistance:	32.55764
directness:	1.0209892
distanceCoverage:	0.46043456
minMapCoverage:	0.4700987
shortestPathHeadingChanges:	3
minHeadingChanges:	3
