sx:	31
sy:	27
ex:	32
ey:	15
shortestPathLength:	12.423574
straightLineDistance:	12.0415945
directness:	1.0317217
distanceCoverage:	0.17029387
minMapCoverage:	0.17569588
shortestPathHeadingChanges:	4
minHeadingChanges:	3
