sx:	34
sy:	37
ex:	10
ey:	36
shortestPathLength:	24.123106
straightLineDistance:	24.020824
directness:	1.004258
distanceCoverage:	0.33970577
minMapCoverage:	0.34115225
shortestPathHeadingChanges:	3
minHeadingChanges:	3
