sx:	35
sy:	39
ex:	23
ey:	5
shortestPathLength:	36.735138
straightLineDistance:	36.05551
directness:	1.0188495
distanceCoverage:	0.50990194
minMapCoverage:	0.5195133
shortestPathHeadingChanges:	3
minHeadingChanges:	3
