sx:	40
sy:	19
ex:	18
ey:	35
shortestPathLength:	27.206554
straightLineDistance:	27.202942
directness:	1.0001328
distanceCoverage:	0.3847077
minMapCoverage:	0.38475877
shortestPathHeadingChanges:	3
minHeadingChanges:	3
