sx:	42
sy:	20
ex:	17
ey:	24
shortestPathLength:	25.318146
straightLineDistance:	25.317978
directness:	1.0000067
distanceCoverage:	0.3580503
minMapCoverage:	0.35805264
shortestPathHeadingChanges:	3
minHeadingChanges:	3
