sx:	43
sy:	45
ex:	5
ey:	19
shortestPathLength:	46.268394
straightLineDistance:	46.043457
directness:	1.0048853
distanceCoverage:	0.6511528
minMapCoverage:	0.6543339
shortestPathHeadingChanges:	6
minHeadingChanges:	3
