sx:	44
sy:	24
ex:	36
ey:	45
shortestPathLength:	24.786705
straightLineDistance:	22.472204
directness:	1.102994
distanceCoverage:	0.31780496
minMapCoverage:	0.35053694
shortestPathHeadingChanges:	5
minHeadingChanges:	4
