sx:	45
sy:	42
ex:	34
ey:	32
shortestPathLength:	15.738191
straightLineDistance:	14.866069
directness:	1.0586653
distanceCoverage:	0.21023796
minMapCoverage:	0.22257163
shortestPathHeadingChanges:	4
minHeadingChanges:	3
