sx:	46
sy:	27
ex:	4
ey:	19
shortestPathLength:	42.75676
straightLineDistance:	42.755116
directness:	1.0000385
distanceCoverage:	0.60464865
minMapCoverage:	0.6046719
shortestPathHeadingChanges:	3
minHeadingChanges:	3
