sx:	46
sy:	45
ex:	13
ey:	46
shortestPathLength:	34.07486
straightLineDistance:	33.01515
directness:	1.0320977
distanceCoverage:	0.4669047
minMapCoverage:	0.48189127
shortestPathHeadingChanges:	6
minHeadingChanges:	3
