sx:	5
sy:	46
ex:	45
ey:	10
shortestPathLength:	53.935802
straightLineDistance:	53.814495
directness:	1.0022541
distanceCoverage:	0.7610519
minMapCoverage:	0.76276743
shortestPathHeadingChanges:	6
minHeadingChanges:	4
