sx:	50
sy:	30
ex:	24
ey:	14
shortestPathLength:	30.79133
straightLineDistance:	30.528675
directness:	1.0086036
distanceCoverage:	0.43174067
minMapCoverage:	0.43545517
shortestPathHeadingChanges:	4
minHeadingChanges:	3
