sx:	0
sy:	189
ex:	11
ey:	107
shortestPathLength:	82.74493
straightLineDistance:	82.73451
directness:	1.0001259
distanceCoverage:	0.41161957
minMapCoverage:	0.4116714
shortestPathHeadingChanges:	3
minHeadingChanges:	3
