sx:	1
sy:	114
ex:	4
ey:	7
shortestPathLength:	107.07205
straightLineDistance:	107.042046
directness:	1.0002804
distanceCoverage:	0.5325541
minMapCoverage:	0.53270334
shortestPathHeadingChanges:	4
minHeadingChanges:	3
