sx:	10
sy:	160
ex:	14
ey:	161
shortestPathLength:	4.1231055
straightLineDistance:	4.1231055
directness:	1.0
distanceCoverage:	0.020513216
minMapCoverage:	0.020513216
shortestPathHeadingChanges:	2
minHeadingChanges:	2
