sx:	10
sy:	7
ex:	8
ey:	44
shortestPathLength:	37.064583
straightLineDistance:	37.054016
directness:	1.0002851
distanceCoverage:	0.18435062
minMapCoverage:	0.1844032
shortestPathHeadingChanges:	3
minHeadingChanges:	3
