sx:	11
sy:	172
ex:	14
ey:	100
shortestPathLength:	73.03845
straightLineDistance:	72.06247
directness:	1.0135436
distanceCoverage:	0.35852417
minMapCoverage:	0.36337987
shortestPathHeadingChanges:	4
minHeadingChanges:	4
