sx:	11
sy:	148
ex:	4
ey:	188
shortestPathLength:	40.61185
straightLineDistance:	40.60788
directness:	1.0000978
distanceCoverage:	0.20203175
minMapCoverage:	0.2020515
shortestPathHeadingChanges:	3
minHeadingChanges:	3
