sx:	11
sy:	29
ex:	10
ey:	89
shortestPathLength:	60.218155
straightLineDistance:	60.00833
directness:	1.0034965
distanceCoverage:	0.2985526
minMapCoverage:	0.29959652
shortestPathHeadingChanges:	5
minHeadingChanges:	4
