sx:	11
sy:	53
ex:	9
ey:	189
shortestPathLength:	136.12015
straightLineDistance:	136.01471
directness:	1.0007752
distanceCoverage:	0.67669845
minMapCoverage:	0.677223
shortestPathHeadingChanges:	6
minHeadingChanges:	4
