sx:	12
sy:	170
ex:	18
ey:	27
shortestPathLength:	143.40875
straightLineDistance:	143.12582
directness:	1.0019767
distanceCoverage:	0.71207756
minMapCoverage:	0.7134852
shortestPathHeadingChanges:	6
minHeadingChanges:	4
