sx:	12
sy:	189
ex:	0
ey:	74
shortestPathLength:	115.75508
straightLineDistance:	115.62439
directness:	1.0011303
distanceCoverage:	0.57525283
minMapCoverage:	0.57590306
shortestPathHeadingChanges:	6
minHeadingChanges:	3
