sx:	12
sy:	110
ex:	15
ey:	138
shortestPathLength:	29.081684
straightLineDistance:	28.160255
directness:	1.0327209
distanceCoverage:	0.1401025
minMapCoverage:	0.14468679
shortestPathHeadingChanges:	4
minHeadingChanges:	3
