sx:	12
sy:	32
ex:	19
ey:	141
shortestPathLength:	110.43524
straightLineDistance:	109.22454
directness:	1.0110846
distanceCoverage:	0.5434124
minMapCoverage:	0.54943585
shortestPathHeadingChanges:	5
minHeadingChanges:	4
