sx:	16
sy:	11
ex:	17
ey:	30
shortestPathLength:	19.36615
straightLineDistance:	19.026299
directness:	1.0178622
distanceCoverage:	0.09465937
minMapCoverage:	0.09635019
shortestPathHeadingChanges:	5
minHeadingChanges:	4
