sx:	16
sy:	27
ex:	19
ey:	180
shortestPathLength:	153.31306
straightLineDistance:	153.0294
directness:	1.0018536
distanceCoverage:	0.76134974
minMapCoverage:	0.762761
shortestPathHeadingChanges:	7
minHeadingChanges:	4
