sx:	17
sy:	102
ex:	20
ey:	105
shortestPathLength:	4.2426405
straightLineDistance:	4.2426405
directness:	1.0
distanceCoverage:	0.021107925
minMapCoverage:	0.021107925
shortestPathHeadingChanges:	2
minHeadingChanges:	2
