sx:	17
sy:	196
ex:	16
ey:	149
shortestPathLength:	47.109756
straightLineDistance:	47.010635
directness:	1.0021085
distanceCoverage:	0.23388666
minMapCoverage:	0.2343798
shortestPathHeadingChanges:	5
minHeadingChanges:	3
