sx:	18
sy:	30
ex:	9
ey:	118
shortestPathLength:	88.68965
straightLineDistance:	88.45903
directness:	1.0026071
distanceCoverage:	0.44010013
minMapCoverage:	0.4412475
shortestPathHeadingChanges:	5
minHeadingChanges:	3
