sx:	18
sy:	82
ex:	12
ey:	182
shortestPathLength:	100.318375
straightLineDistance:	100.17984
directness:	1.0013828
distanceCoverage:	0.49841332
minMapCoverage:	0.49910256
shortestPathHeadingChanges:	5
minHeadingChanges:	4
