sx:	19
sy:	117
ex:	10
ey:	12
shortestPathLength:	105.784676
straightLineDistance:	105.38501
directness:	1.0037924
distanceCoverage:	0.52431
minMapCoverage:	0.5262984
shortestPathHeadingChanges:	11
minHeadingChanges:	4
