sx:	19
sy:	111
ex:	11
ey:	5
shortestPathLength:	106.72046
straightLineDistance:	106.30146
directness:	1.0039417
distanceCoverage:	0.5288695
minMapCoverage:	0.5309541
shortestPathHeadingChanges:	10
minHeadingChanges:	4
