sx:	19
sy:	148
ex:	3
ey:	22
shortestPathLength:	127.27778
straightLineDistance:	127.01181
directness:	1.002094
distanceCoverage:	0.63190734
minMapCoverage:	0.6332306
shortestPathHeadingChanges:	9
minHeadingChanges:	4
