sx:	19
sy:	77
ex:	4
ey:	176
shortestPathLength:	100.26774
straightLineDistance:	100.12991
directness:	1.0013765
distanceCoverage:	0.49816495
minMapCoverage:	0.49885064
shortestPathHeadingChanges:	7
minHeadingChanges:	4
