sx:	2
sy:	150
ex:	9
ey:	42
shortestPathLength:	108.31501
straightLineDistance:	108.226616
directness:	1.0008167
distanceCoverage:	0.53844756
minMapCoverage:	0.5388873
shortestPathHeadingChanges:	5
minHeadingChanges:	3
