sx:	20
sy:	154
ex:	8
ey:	99
shortestPathLength:	56.399498
straightLineDistance:	56.293873
directness:	1.0018764
distanceCoverage:	0.28007248
minMapCoverage:	0.28059798
shortestPathHeadingChanges:	4
minHeadingChanges:	3
