sx:	20
sy:	196
ex:	18
ey:	40
shortestPathLength:	156.29163
straightLineDistance:	156.01282
directness:	1.0017871
distanceCoverage:	0.7761928
minMapCoverage:	0.7775799
shortestPathHeadingChanges:	7
minHeadingChanges:	4
