sx:	20
sy:	125
ex:	0
ey:	108
shortestPathLength:	26.289774
straightLineDistance:	26.24881
directness:	1.0015606
distanceCoverage:	0.1305927
minMapCoverage:	0.1307965
shortestPathHeadingChanges:	3
minHeadingChanges:	3
