sx:	20
sy:	187
ex:	16
ey:	108
shortestPathLength:	80.0896
straightLineDistance:	79.101204
directness:	1.0124953
distanceCoverage:	0.39354318
minMapCoverage:	0.39846066
shortestPathHeadingChanges:	5
minHeadingChanges:	4
