sx:	3
sy:	68
ex:	14
ey:	94
shortestPathLength:	29.438988
straightLineDistance:	28.231188
directness:	1.0427824
distanceCoverage:	0.14045541
minMapCoverage:	0.14646444
shortestPathHeadingChanges:	7
minHeadingChanges:	4
