sx:	4
sy:	39
ex:	13
ey:	105
shortestPathLength:	67.59376
straightLineDistance:	66.61081
directness:	1.0147566
distanceCoverage:	0.33140117
minMapCoverage:	0.33629152
shortestPathHeadingChanges:	7
minHeadingChanges:	4
