sx:	4
sy:	43
ex:	10
ey:	147
shortestPathLength:	104.57106
straightLineDistance:	104.172935
directness:	1.0038217
distanceCoverage:	0.51827973
minMapCoverage:	0.52026045
shortestPathHeadingChanges:	5
minHeadingChanges:	3
