sx:	5
sy:	176
ex:	12
ey:	166
shortestPathLength:	12.455612
straightLineDistance:	12.206555
directness:	1.0204035
distanceCoverage:	0.060729884
minMapCoverage:	0.061968986
shortestPathHeadingChanges:	4
minHeadingChanges:	3
