sx:	8
sy:	137
ex:	7
ey:	193
shortestPathLength:	56.018513
straightLineDistance:	56.008926
directness:	1.0001712
distanceCoverage:	0.2786548
minMapCoverage:	0.27870253
shortestPathHeadingChanges:	3
minHeadingChanges:	3
