sx:	8
sy:	51
ex:	9
ey:	198
shortestPathLength:	147.01999
straightLineDistance:	147.0034
directness:	1.0001128
distanceCoverage:	0.73136926
minMapCoverage:	0.7314518
shortestPathHeadingChanges:	4
minHeadingChanges:	4
