sx:	9
sy:	37
ex:	20
ey:	24
shortestPathLength:	17.090832
straightLineDistance:	17.029387
directness:	1.0036082
distanceCoverage:	0.08472437
minMapCoverage:	0.085030064
shortestPathHeadingChanges:	4
minHeadingChanges:	3
