sx:	1
sy:	2
ex:	8
ey:	10
shortestPathLength:	10.9725275
straightLineDistance:	10.630146
directness:	1.0322086
distanceCoverage:	0.7516648
minMapCoverage:	0.77587485
shortestPathHeadingChanges:	3
minHeadingChanges:	3
