sx:	4
sy:	4
ex:	0
ey:	10
shortestPathLength:	7.4031243
straightLineDistance:	7.2111025
directness:	1.0266286
distanceCoverage:	0.50990194
minMapCoverage:	0.52347994
shortestPathHeadingChanges:	3
minHeadingChanges:	3
