sx:	8
sy:	4
ex:	10
ey:	1
shortestPathLength:	3.6502814
straightLineDistance:	3.6055512
directness:	1.0124059
distanceCoverage:	0.25495097
minMapCoverage:	0.25811386
shortestPathHeadingChanges:	3
minHeadingChanges:	3
