sx:	0
sy:	319
ex:	7
ey:	918
shortestPathLength:	600.246
straightLineDistance:	599.0409
directness:	1.0020117
distanceCoverage:	0.5989735
minMapCoverage:	0.6001785
shortestPathHeadingChanges:	16
minHeadingChanges:	10
