sx:	0
sy:	677
ex:	4
ey:	608
shortestPathLength:	69.17667
straightLineDistance:	69.115845
directness:	1.00088
distanceCoverage:	0.06910807
minMapCoverage:	0.06916889
shortestPathHeadingChanges:	6
minHeadingChanges:	3
