sx:	0
sy:	886
ex:	15
ey:	522
shortestPathLength:	364.64862
straightLineDistance:	364.30893
directness:	1.0009325
distanceCoverage:	0.36426795
minMapCoverage:	0.3646076
shortestPathHeadingChanges:	15
minHeadingChanges:	7
