sx:	1
sy:	242
ex:	15
ey:	120
shortestPathLength:	123.86131
straightLineDistance:	122.80065
directness:	1.0086373
distanceCoverage:	0.12278684
minMapCoverage:	0.12384738
shortestPathHeadingChanges:	7
minHeadingChanges:	4
