sx:	1
sy:	528
ex:	14
ey:	816
shortestPathLength:	288.48285
straightLineDistance:	288.29324
directness:	1.0006577
distanceCoverage:	0.28826082
minMapCoverage:	0.2884504
shortestPathHeadingChanges:	11
minHeadingChanges:	6
