sx:	1
sy:	683
ex:	4
ey:	237
shortestPathLength:	446.21393
straightLineDistance:	446.0101
directness:	1.000457
distanceCoverage:	0.44595993
minMapCoverage:	0.44616374
shortestPathHeadingChanges:	18
minHeadingChanges:	7
