sx:	1
sy:	938
ex:	14
ey:	346
shortestPathLength:	592.5347
straightLineDistance:	592.1427
directness:	1.0006621
distanceCoverage:	0.5920761
minMapCoverage:	0.5924681
shortestPathHeadingChanges:	16
minHeadingChanges:	9
