sx:	10
sy:	173
ex:	0
ey:	881
shortestPathLength:	708.5083
straightLineDistance:	708.0706
directness:	1.0006181
distanceCoverage:	0.707991
minMapCoverage:	0.7084286
shortestPathHeadingChanges:	20
minHeadingChanges:	11
