sx:	10
sy:	284
ex:	14
ey:	318
shortestPathLength:	34.234764
straightLineDistance:	34.234486
directness:	1.0000081
distanceCoverage:	0.034230635
minMapCoverage:	0.034230914
shortestPathHeadingChanges:	3
minHeadingChanges:	3
