sx:	10
sy:	636
ex:	13
ey:	635
shortestPathLength:	3.1622777
straightLineDistance:	3.1622777
directness:	1.0
distanceCoverage:	0.003161922
minMapCoverage:	0.003161922
shortestPathHeadingChanges:	2
minHeadingChanges:	2
