sx:	10
sy:	768
ex:	9
ey:	675
shortestPathLength:	93.28587
straightLineDistance:	93.00538
directness:	1.0030159
distanceCoverage:	0.09299492
minMapCoverage:	0.09327538
shortestPathHeadingChanges:	6
minHeadingChanges:	4
