sx:	11
sy:	339
ex:	13
ey:	213
shortestPathLength:	126.064445
straightLineDistance:	126.01587
directness:	1.0003855
distanceCoverage:	0.1260017
minMapCoverage:	0.12605026
shortestPathHeadingChanges:	5
minHeadingChanges:	4
