sx:	11
sy:	678
ex:	3
ey:	599
shortestPathLength:	79.809616
straightLineDistance:	79.40403
directness:	1.0051079
distanceCoverage:	0.0793951
minMapCoverage:	0.07980064
shortestPathHeadingChanges:	7
minHeadingChanges:	4
