sx:	11
sy:	981
ex:	5
ey:	675
shortestPathLength:	306.0696
straightLineDistance:	306.0588
directness:	1.0000353
distanceCoverage:	0.30602437
minMapCoverage:	0.3060352
shortestPathHeadingChanges:	7
minHeadingChanges:	6
