sx:	12
sy:	145
ex:	11
ey:	587
shortestPathLength:	442.38675
straightLineDistance:	442.00113
directness:	1.0008725
distanceCoverage:	0.44195142
minMapCoverage:	0.442337
shortestPathHeadingChanges:	12
minHeadingChanges:	9
