sx:	12
sy:	218
ex:	4
ey:	427
shortestPathLength:	209.3515
straightLineDistance:	209.15306
directness:	1.0009488
distanceCoverage:	0.20912954
minMapCoverage:	0.20932795
shortestPathHeadingChanges:	10
minHeadingChanges:	5
