sx:	12
sy:	870
ex:	13
ey:	605
shortestPathLength:	265.65585
straightLineDistance:	265.0019
directness:	1.0024678
distanceCoverage:	0.2649721
minMapCoverage:	0.26562598
shortestPathHeadingChanges:	11
minHeadingChanges:	7
