sx:	13
sy:	245
ex:	10
ey:	981
shortestPathLength:	736.2969
straightLineDistance:	736.0061
directness:	1.000395
distanceCoverage:	0.73592335
minMapCoverage:	0.73621404
shortestPathHeadingChanges:	17
minHeadingChanges:	11
