sx:	13
sy:	673
ex:	12
ey:	988
shortestPathLength:	315.7187
straightLineDistance:	315.0016
directness:	1.0022765
distanceCoverage:	0.31496614
minMapCoverage:	0.3156832
shortestPathHeadingChanges:	8
minHeadingChanges:	6
