sx:	13
sy:	943
ex:	5
ey:	648
shortestPathLength:	295.21722
straightLineDistance:	295.10846
directness:	1.0003686
distanceCoverage:	0.29507527
minMapCoverage:	0.29518402
shortestPathHeadingChanges:	8
minHeadingChanges:	5
