sx:	14
sy:	543
ex:	5
ey:	144
shortestPathLength:	399.80902
straightLineDistance:	399.1015
directness:	1.0017728
distanceCoverage:	0.3990566
minMapCoverage:	0.39976406
shortestPathHeadingChanges:	12
minHeadingChanges:	7
