sx:	14
sy:	567
ex:	10
ey:	764
shortestPathLength:	197.45355
straightLineDistance:	197.0406
directness:	1.0020957
distanceCoverage:	0.19701844
minMapCoverage:	0.19743134
shortestPathHeadingChanges:	8
minHeadingChanges:	5
