sx:	14
sy:	872
ex:	5
ey:	735
shortestPathLength:	137.32901
straightLineDistance:	137.2953
directness:	1.0002455
distanceCoverage:	0.13727987
minMapCoverage:	0.13731356
shortestPathHeadingChanges:	5
minHeadingChanges:	4
