sx:	15
sy:	605
ex:	0
ey:	125
shortestPathLength:	481.15552
straightLineDistance:	480.2343
directness:	1.0019182
distanceCoverage:	0.4801803
minMapCoverage:	0.4811014
shortestPathHeadingChanges:	15
minHeadingChanges:	9
