sx:	15
sy:	783
ex:	4
ey:	818
shortestPathLength:	36.77468
straightLineDistance:	36.687874
directness:	1.0023661
distanceCoverage:	0.036683746
minMapCoverage:	0.036770545
shortestPathHeadingChanges:	3
minHeadingChanges:	3
