sx:	15
sy:	93
ex:	4
ey:	164
shortestPathLength:	72.05501
straightLineDistance:	71.84706
directness:	1.0028943
distanceCoverage:	0.07183898
minMapCoverage:	0.072046906
shortestPathHeadingChanges:	5
minHeadingChanges:	4
