sx:	2
sy:	222
ex:	0
ey:	941
shortestPathLength:	719.6768
straightLineDistance:	719.0028
directness:	1.0009375
distanceCoverage:	0.71892196
minMapCoverage:	0.71959585
shortestPathHeadingChanges:	20
minHeadingChanges:	12
