sx:	2
sy:	311
ex:	3
ey:	784
shortestPathLength:	473.2294
straightLineDistance:	473.00107
directness:	1.0004827
distanceCoverage:	0.47294787
minMapCoverage:	0.47317618
shortestPathHeadingChanges:	14
minHeadingChanges:	8
