sx:	2
sy:	421
ex:	1
ey:	553
shortestPathLength:	132.01666
straightLineDistance:	132.00378
directness:	1.0000975
distanceCoverage:	0.13198894
minMapCoverage:	0.13200182
shortestPathHeadingChanges:	4
minHeadingChanges:	4
