sx:	2
sy:	740
ex:	0
ey:	372
shortestPathLength:	368.20856
straightLineDistance:	368.00543
directness:	1.0005519
distanceCoverage:	0.36796403
minMapCoverage:	0.36816713
shortestPathHeadingChanges:	10
minHeadingChanges:	6
