sx:	3
sy:	344
ex:	14
ey:	744
shortestPathLength:	401.10706
straightLineDistance:	400.1512
directness:	1.0023887
distanceCoverage:	0.40010622
minMapCoverage:	0.40106195
shortestPathHeadingChanges:	17
minHeadingChanges:	8
