sx:	3
sy:	560
ex:	11
ey:	29
shortestPathLength:	531.52344
straightLineDistance:	531.06024
directness:	1.0008723
distanceCoverage:	0.5310005
minMapCoverage:	0.5314637
shortestPathHeadingChanges:	17
minHeadingChanges:	10
