sx:	3
sy:	694
ex:	15
ey:	389
shortestPathLength:	305.48138
straightLineDistance:	305.23596
directness:	1.0008041
distanceCoverage:	0.30520162
minMapCoverage:	0.305447
shortestPathHeadingChanges:	7
minHeadingChanges:	6
