sx:	4
sy:	588
ex:	15
ey:	385
shortestPathLength:	205.1164
straightLineDistance:	203.2978
directness:	1.0089455
distanceCoverage:	0.20327494
minMapCoverage:	0.20509332
shortestPathHeadingChanges:	10
minHeadingChanges:	6
