sx:	4
sy:	759
ex:	7
ey:	631
shortestPathLength:	128.06166
straightLineDistance:	128.03516
directness:	1.0002071
distanceCoverage:	0.12802075
minMapCoverage:	0.12804726
shortestPathHeadingChanges:	4
minHeadingChanges:	4
