sx:	4
sy:	930
ex:	12
ey:	843
shortestPathLength:	87.51039
straightLineDistance:	87.36704
directness:	1.0016408
distanceCoverage:	0.087357216
minMapCoverage:	0.08750055
shortestPathHeadingChanges:	3
minHeadingChanges:	3
