sx:	5
sy:	110
ex:	4
ey:	390
shortestPathLength:	280.27817
straightLineDistance:	280.0018
directness:	1.000987
distanceCoverage:	0.27997032
minMapCoverage:	0.28024665
shortestPathHeadingChanges:	18
minHeadingChanges:	6
