sx:	5
sy:	215
ex:	0
ey:	850
shortestPathLength:	635.4548
straightLineDistance:	635.0197
directness:	1.0006851
distanceCoverage:	0.6349483
minMapCoverage:	0.6353833
shortestPathHeadingChanges:	21
minHeadingChanges:	11
