sx:	5
sy:	801
ex:	12
ey:	459
shortestPathLength:	342.1855
straightLineDistance:	342.07162
directness:	1.0003328
distanceCoverage:	0.34203315
minMapCoverage:	0.342147
shortestPathHeadingChanges:	10
minHeadingChanges:	7
