sx:	5
sy:	955
ex:	14
ey:	487
shortestPathLength:	468.34726
straightLineDistance:	468.08652
directness:	1.0005571
distanceCoverage:	0.46803388
minMapCoverage:	0.4682946
shortestPathHeadingChanges:	15
minHeadingChanges:	9
