sx:	6
sy:	347
ex:	12
ey:	661
shortestPathLength:	315.79486
straightLineDistance:	314.0573
directness:	1.0055326
distanceCoverage:	0.31402197
minMapCoverage:	0.31575933
shortestPathHeadingChanges:	13
minHeadingChanges:	7
