sx:	6
sy:	774
ex:	5
ey:	543
shortestPathLength:	231.15929
straightLineDistance:	231.00217
directness:	1.0006802
distanceCoverage:	0.23097618
minMapCoverage:	0.23113328
shortestPathHeadingChanges:	8
minHeadingChanges:	5
