sx:	7
sy:	864
ex:	10
ey:	154
shortestPathLength:	710.33923
straightLineDistance:	710.00635
directness:	1.0004689
distanceCoverage:	0.7099265
minMapCoverage:	0.7102593
shortestPathHeadingChanges:	18
minHeadingChanges:	11
