sx:	8
sy:	251
ex:	3
ey:	462
shortestPathLength:	211.20222
straightLineDistance:	211.05923
directness:	1.0006775
distanceCoverage:	0.21103549
minMapCoverage:	0.21117847
shortestPathHeadingChanges:	10
minHeadingChanges:	5
