sx:	8
sy:	415
ex:	0
ey:	624
shortestPathLength:	209.1945
straightLineDistance:	209.15306
directness:	1.0001981
distanceCoverage:	0.20912954
minMapCoverage:	0.20917097
shortestPathHeadingChanges:	6
minHeadingChanges:	5
