sx:	8
sy:	668
ex:	11
ey:	238
shortestPathLength:	430.2468
straightLineDistance:	430.01047
directness:	1.0005496
distanceCoverage:	0.4299621
minMapCoverage:	0.4301984
shortestPathHeadingChanges:	11
minHeadingChanges:	9
