sx:	8
sy:	934
ex:	0
ey:	588
shortestPathLength:	346.58133
straightLineDistance:	346.09247
directness:	1.0014125
distanceCoverage:	0.34605354
minMapCoverage:	0.34654236
shortestPathHeadingChanges:	7
minHeadingChanges:	6
