sx:	102
sy:	71
ex:	24
ey:	68
shortestPathLength:	83.1428
straightLineDistance:	78.05767
directness:	1.0651459
distanceCoverage:	0.36845487
minMapCoverage:	0.39245817
shortestPathHeadingChanges:	4
minHeadingChanges:	4
