sx:	102
sy:	114
ex:	140
ey:	35
shortestPathLength:	153.11797
straightLineDistance:	87.66413
directness:	1.7466433
distanceCoverage:	0.41380018
minMapCoverage:	0.7227613
shortestPathHeadingChanges:	13
minHeadingChanges:	8
