sx:	103
sy:	25
ex:	17
ey:	93
shortestPathLength:	116.801636
straightLineDistance:	109.63576
directness:	1.0653608
distanceCoverage:	0.5175126
minMapCoverage:	0.55133766
shortestPathHeadingChanges:	9
minHeadingChanges:	6
