sx:	113
sy:	22
ex:	44
ey:	103
shortestPathLength:	133.1336
straightLineDistance:	106.404884
directness:	1.2511983
distanceCoverage:	0.502262
minMapCoverage:	0.6284293
shortestPathHeadingChanges:	14
minHeadingChanges:	6
