sx:	114
sy:	8
ex:	137
ey:	25
shortestPathLength:	103.71916
straightLineDistance:	28.600698
directness:	3.6264555
distanceCoverage:	0.13500361
minMapCoverage:	0.4895846
shortestPathHeadingChanges:	12
minHeadingChanges:	6
