sx:	115
sy:	127
ex:	56
ey:	56
shortestPathLength:	108.52792
straightLineDistance:	92.31468
directness:	1.1756301
distanceCoverage:	0.43575212
minMapCoverage:	0.5122833
shortestPathHeadingChanges:	7
minHeadingChanges:	5
