sx:	118
sy:	77
ex:	58
ey:	6
shortestPathLength:	104.766975
straightLineDistance:	92.95698
directness:	1.127048
distanceCoverage:	0.43878394
minMapCoverage:	0.49453056
shortestPathHeadingChanges:	7
minHeadingChanges:	5
