sx:	119
sy:	119
ex:	21
ey:	91
shortestPathLength:	117.143196
straightLineDistance:	101.92154
directness:	1.1493468
distanceCoverage:	0.48109928
minMapCoverage:	0.5529499
shortestPathHeadingChanges:	10
minHeadingChanges:	6
