sx:	122
sy:	68
ex:	120
ey:	54
shortestPathLength:	15.549824
straightLineDistance:	14.142136
directness:	1.0995386
distanceCoverage:	0.06675499
minMapCoverage:	0.073399685
shortestPathHeadingChanges:	4
minHeadingChanges:	3
