sx:	125
sy:	14
ex:	85
ey:	50
shortestPathLength:	98.70611
straightLineDistance:	53.814495
directness:	1.8341918
distanceCoverage:	0.25402007
minMapCoverage:	0.46592152
shortestPathHeadingChanges:	7
minHeadingChanges:	5
