sx:	125
sy:	47
ex:	86
ey:	70
shortestPathLength:	45.97428
straightLineDistance:	45.276924
directness:	1.0154021
distanceCoverage:	0.21372023
minMapCoverage:	0.21701197
shortestPathHeadingChanges:	6
minHeadingChanges:	3
