sx:	128
sy:	92
ex:	108
ey:	18
shortestPathLength:	81.68758
straightLineDistance:	76.655075
directness:	1.0656513
distanceCoverage:	0.36183423
minMapCoverage:	0.3855891
shortestPathHeadingChanges:	4
minHeadingChanges:	3
