sx:	129
sy:	66
ex:	108
ey:	48
shortestPathLength:	27.666294
straightLineDistance:	27.658634
directness:	1.0002769
distanceCoverage:	0.13055679
minMapCoverage:	0.13059294
shortestPathHeadingChanges:	3
minHeadingChanges:	3
