sx:	133
sy:	126
ex:	120
ey:	100
shortestPathLength:	37.993126
straightLineDistance:	29.068884
directness:	1.3070033
distanceCoverage:	0.13721357
minMapCoverage:	0.17933859
shortestPathHeadingChanges:	5
minHeadingChanges:	3
