sx:	138
sy:	93
ex:	112
ey:	131
shortestPathLength:	137.09402
straightLineDistance:	46.043457
directness:	2.977492
distanceCoverage:	0.2173385
minMapCoverage:	0.64712363
shortestPathHeadingChanges:	14
minHeadingChanges:	6
