sx:	140
sy:	62
ex:	142
ey:	117
shortestPathLength:	87.43362
straightLineDistance:	55.03635
directness:	1.5886521
distanceCoverage:	0.25978756
minMapCoverage:	0.41271207
shortestPathHeadingChanges:	5
minHeadingChanges:	3
