sx:	141
sy:	15
ex:	43
ey:	83
shortestPathLength:	142.49095
straightLineDistance:	119.28118
directness:	1.1945803
distanceCoverage:	0.56304187
minMapCoverage:	0.6725987
shortestPathHeadingChanges:	10
minHeadingChanges:	6
