sx:	141
sy:	61
ex:	139
ey:	15
shortestPathLength:	46.451702
straightLineDistance:	46.043457
directness:	1.0088665
distanceCoverage:	0.2173385
minMapCoverage:	0.21926554
shortestPathHeadingChanges:	5
minHeadingChanges:	4
