sx:	142
sy:	114
ex:	102
ey:	4
shortestPathLength:	119.69801
straightLineDistance:	117.047
directness:	1.0226492
distanceCoverage:	0.55249584
minMapCoverage:	0.5650094
shortestPathHeadingChanges:	4
minHeadingChanges:	3
