sx:	21
sy:	98
ex:	92
ey:	52
shortestPathLength:	90.79743
straightLineDistance:	84.59905
directness:	1.0732677
distanceCoverage:	0.3993321
minMapCoverage:	0.42859027
shortestPathHeadingChanges:	10
minHeadingChanges:	5
