sx:	22
sy:	90
ex:	140
ey:	77
shortestPathLength:	133.44505
straightLineDistance:	118.71394
directness:	1.1240891
distanceCoverage:	0.5603643
minMapCoverage:	0.62989944
shortestPathHeadingChanges:	8
minHeadingChanges:	5
