sx:	24
sy:	130
ex:	66
ey:	13
shortestPathLength:	181.26968
straightLineDistance:	124.3101
directness:	1.4582056
distanceCoverage:	0.5867798
minMapCoverage:	0.8556456
shortestPathHeadingChanges:	17
minHeadingChanges:	8
