sx:	30
sy:	22
ex:	38
ey:	90
shortestPathLength:	82.66571
straightLineDistance:	68.46897
directness:	1.2073456
distanceCoverage:	0.32319343
minMapCoverage:	0.3902062
shortestPathHeadingChanges:	5
minHeadingChanges:	4
