sx:	31
sy:	75
ex:	89
ey:	6
shortestPathLength:	121.81188
straightLineDistance:	90.13878
directness:	1.3513815
distanceCoverage:	0.42548123
minMapCoverage:	0.5749875
shortestPathHeadingChanges:	9
minHeadingChanges:	5
