sx:	32
sy:	78
ex:	131
ey:	102
shortestPathLength:	108.41037
straightLineDistance:	101.86756
directness:	1.0642285
distanceCoverage:	0.4808445
minMapCoverage:	0.51172847
shortestPathHeadingChanges:	7
minHeadingChanges:	4
