sx:	34
sy:	100
ex:	98
ey:	16
shortestPathLength:	123.85666
straightLineDistance:	105.60303
directness:	1.1728514
distanceCoverage:	0.49847698
minMapCoverage:	0.58463943
shortestPathHeadingChanges:	9
minHeadingChanges:	6
