sx:	35
sy:	68
ex:	133
ey:	117
shortestPathLength:	126.90932
straightLineDistance:	109.56733
directness:	1.158277
distanceCoverage:	0.5171896
minMapCoverage:	0.59904885
shortestPathHeadingChanges:	9
minHeadingChanges:	5
