sx:	37
sy:	117
ex:	85
ey:	9
shortestPathLength:	158.01505
straightLineDistance:	118.186295
directness:	1.3369998
distanceCoverage:	0.55787367
minMapCoverage:	0.7458769
shortestPathHeadingChanges:	17
minHeadingChanges:	9
