sx:	38
sy:	59
ex:	134
ey:	86
shortestPathLength:	99.762344
straightLineDistance:	99.724625
directness:	1.0003783
distanceCoverage:	0.4707292
minMapCoverage:	0.47090724
shortestPathHeadingChanges:	3
minHeadingChanges:	3
