sx:	45
sy:	33
ex:	96
ey:	90
shortestPathLength:	78.11335
straightLineDistance:	76.48529
directness:	1.0212859
distanceCoverage:	0.36103278
minMapCoverage:	0.3687177
shortestPathHeadingChanges:	5
minHeadingChanges:	3
