sx:	54
sy:	104
ex:	64
ey:	126
shortestPathLength:	37.693558
straightLineDistance:	24.166092
directness:	1.5597705
distanceCoverage:	0.114070974
minMapCoverage:	0.17792454
shortestPathHeadingChanges:	5
minHeadingChanges:	3
