sx:	54
sy:	29
ex:	124
ey:	80
shortestPathLength:	110.3983
straightLineDistance:	86.608315
directness:	1.2746848
distanceCoverage:	0.4088164
minMapCoverage:	0.5211121
shortestPathHeadingChanges:	4
minHeadingChanges:	4
