sx:	54
sy:	36
ex:	98
ey:	107
shortestPathLength:	115.68175
straightLineDistance:	83.528435
directness:	1.3849385
distanceCoverage:	0.3942785
minMapCoverage:	0.54605144
shortestPathHeadingChanges:	5
minHeadingChanges:	5
