sx:	54
sy:	98
ex:	29
ey:	97
shortestPathLength:	40.822353
straightLineDistance:	25.019993
directness:	1.6315893
distanceCoverage:	0.118101634
minMapCoverage:	0.19269337
shortestPathHeadingChanges:	9
minHeadingChanges:	5
