sx:	59
sy:	128
ex:	127
ey:	6
shortestPathLength:	167.37036
straightLineDistance:	139.67104
directness:	1.1983184
distanceCoverage:	0.65928787
minMapCoverage:	0.79003674
shortestPathHeadingChanges:	11
minHeadingChanges:	7
