sx:	60
sy:	131
ex:	33
ey:	92
shortestPathLength:	82.91765
straightLineDistance:	47.434166
directness:	1.7480575
distanceCoverage:	0.22390305
minMapCoverage:	0.3913954
shortestPathHeadingChanges:	13
minHeadingChanges:	7
