sx:	63
sy:	8
ex:	133
ey:	91
shortestPathLength:	120.41017
straightLineDistance:	108.57716
directness:	1.1089824
distanceCoverage:	0.5125158
minMapCoverage:	0.568371
shortestPathHeadingChanges:	8
minHeadingChanges:	5
