sx:	67
sy:	85
ex:	22
ey:	68
shortestPathLength:	48.40295
straightLineDistance:	48.104053
directness:	1.0062135
distanceCoverage:	0.22706512
minMapCoverage:	0.22847599
shortestPathHeadingChanges:	3
minHeadingChanges:	3
