sx:	69
sy:	96
ex:	63
ey:	25
shortestPathLength:	117.493324
straightLineDistance:	71.25307
directness:	1.6489581
distanceCoverage:	0.33633518
minMapCoverage:	0.5546026
shortestPathHeadingChanges:	8
minHeadingChanges:	5
