sx:	70
sy:	36
ex:	82
ey:	87
shortestPathLength:	102.27101
straightLineDistance:	52.392746
directness:	1.952007
distanceCoverage:	0.24730898
minMapCoverage:	0.4827489
shortestPathHeadingChanges:	7
minHeadingChanges:	4
