sx:	75
sy:	17
ex:	44
ey:	125
shortestPathLength:	168.4318
straightLineDistance:	112.36102
directness:	1.4990233
distanceCoverage:	0.5303767
minMapCoverage:	0.795047
shortestPathHeadingChanges:	14
minHeadingChanges:	8
