sx:	82
sy:	85
ex:	117
ey:	20
shortestPathLength:	77.23235
straightLineDistance:	73.82411
directness:	1.046167
distanceCoverage:	0.34847125
minMapCoverage:	0.36455914
shortestPathHeadingChanges:	6
minHeadingChanges:	4
