sx:	91
sy:	72
ex:	34
ey:	101
shortestPathLength:	77.52062
straightLineDistance:	63.953106
directness:	1.2121478
distanceCoverage:	0.30187723
minMapCoverage:	0.36591986
shortestPathHeadingChanges:	6
minHeadingChanges:	5
