sx:	99
sy:	121
ex:	71
ey:	14
shortestPathLength:	156.38586
straightLineDistance:	110.60289
directness:	1.4139401
distanceCoverage:	0.5220778
minMapCoverage:	0.7381867
shortestPathHeadingChanges:	15
minHeadingChanges:	8
