sx:	99
sy:	29
ex:	92
ey:	106
shortestPathLength:	120.947205
straightLineDistance:	77.31753
directness:	1.5642922
distanceCoverage:	0.3649612
minMapCoverage:	0.5709059
shortestPathHeadingChanges:	9
minHeadingChanges:	5
