sx:	5
sy:	6
ex:	10
ey:	10
shortestPathLength:	7.285383
straightLineDistance:	6.4031243
directness:	1.1377857
distanceCoverage:	0.45276925
minMapCoverage:	0.51515436
shortestPathHeadingChanges:	3
minHeadingChanges:	3
