sx:	6
sy:	9
ex:	10
ey:	10
shortestPathLength:	6.9907045
straightLineDistance:	4.1231055
directness:	1.6954949
distanceCoverage:	0.2915476
minMapCoverage:	0.49431747
shortestPathHeadingChanges:	4
minHeadingChanges:	4
