sx:	13
sy:	0
ex:	14
ey:	5
shortestPathLength:	5.1622777
straightLineDistance:	5.0990195
directness:	1.012406
distanceCoverage:	0.24419874
minMapCoverage:	0.24722826
shortestPathHeadingChanges:	3
minHeadingChanges:	3
