sx:	14
sy:	3
ex:	20
ey:	5
shortestPathLength:	6.6055512
straightLineDistance:	6.3245554
directness:	1.0444293
distanceCoverage:	0.30289125
minMapCoverage:	0.31634852
shortestPathHeadingChanges:	3
minHeadingChanges:	3
