sx:	14
sy:	5
ex:	12
ey:	1
shortestPathLength:	4.8284273
straightLineDistance:	4.472136
directness:	1.0796691
distanceCoverage:	0.21417646
minMapCoverage:	0.23123972
shortestPathHeadingChanges:	3
minHeadingChanges:	3
