sx:	16
sy:	0
ex:	11
ey:	4
shortestPathLength:	6.4142137
straightLineDistance:	6.4031243
directness:	1.0017319
distanceCoverage:	0.30665404
minMapCoverage:	0.3071851
shortestPathHeadingChanges:	3
minHeadingChanges:	3
