sx:	3
sy:	0
ex:	14
ey:	6
shortestPathLength:	12.534393
straightLineDistance:	12.529964
directness:	1.0003535
distanceCoverage:	0.60007644
minMapCoverage:	0.60028857
shortestPathHeadingChanges:	3
minHeadingChanges:	3
