sx:	10
sy:	8
ex:	17
ey:	2
shortestPathLength:	12.404918
straightLineDistance:	9.219544
directness:	1.3455023
distanceCoverage:	0.32596013
minMapCoverage:	0.43858007
shortestPathHeadingChanges:	6
minHeadingChanges:	5
