sx:	11
sy:	7
ex:	0
ey:	11
shortestPathLength:	19.193485
straightLineDistance:	11.7046995
directness:	1.6398102
distanceCoverage:	0.41382363
minMapCoverage:	0.6785922
shortestPathHeadingChanges:	8
minHeadingChanges:	4
