sx:	12
sy:	20
ex:	20
ey:	11
shortestPathLength:	12.255833
straightLineDistance:	12.0415945
directness:	1.0177915
distanceCoverage:	0.42573467
minMapCoverage:	0.4333091
shortestPathHeadingChanges:	5
minHeadingChanges:	3
