sx:	13
sy:	11
ex:	17
ey:	4
shortestPathLength:	8.704571
straightLineDistance:	8.062258
directness:	1.0796691
distanceCoverage:	0.28504387
minMapCoverage:	0.30775306
shortestPathHeadingChanges:	3
minHeadingChanges:	3
