sx:	13
sy:	20
ex:	18
ey:	17
shortestPathLength:	5.9907045
straightLineDistance:	5.8309517
directness:	1.0273974
distanceCoverage:	0.20615527
minMapCoverage:	0.21180339
shortestPathHeadingChanges:	3
minHeadingChanges:	3
