sx:	13
sy:	2
ex:	3
ey:	13
shortestPathLength:	15.834848
straightLineDistance:	14.866069
directness:	1.0651672
distanceCoverage:	0.5255949
minMapCoverage:	0.55984646
shortestPathHeadingChanges:	6
minHeadingChanges:	3
