sx:	13
sy:	2
ex:	19
ey:	4
shortestPathLength:	7.4787083
straightLineDistance:	6.3245554
directness:	1.1824876
distanceCoverage:	0.2236068
minMapCoverage:	0.26441225
shortestPathHeadingChanges:	4
minHeadingChanges:	4
