sx:	14
sy:	13
ex:	3
ey:	15
shortestPathLength:	12.440307
straightLineDistance:	11.18034
directness:	1.1126949
distanceCoverage:	0.3952847
minMapCoverage:	0.43983126
shortestPathHeadingChanges:	4
minHeadingChanges:	3
