sx:	15
sy:	13
ex:	2
ey:	16
shortestPathLength:	13.401754
straightLineDistance:	13.341664
directness:	1.004504
distanceCoverage:	0.47169906
minMapCoverage:	0.47382358
shortestPathHeadingChanges:	3
minHeadingChanges:	3
