sx:	15
sy:	20
ex:	4
ey:	17
shortestPathLength:	11.8416195
straightLineDistance:	11.401754
directness:	1.0385787
distanceCoverage:	0.4031129
minMapCoverage:	0.4186645
shortestPathHeadingChanges:	4
minHeadingChanges:	3
