sx:	17
sy:	12
ex:	4
ey:	11
shortestPathLength:	13.162277
straightLineDistance:	13.038404
directness:	1.0095006
distanceCoverage:	0.4609772
minMapCoverage:	0.46535677
shortestPathHeadingChanges:	3
minHeadingChanges:	3
