sx:	17
sy:	12
ex:	8
ey:	19
shortestPathLength:	11.543203
straightLineDistance:	11.401754
directness:	1.0124059
distanceCoverage:	0.4031129
minMapCoverage:	0.40811387
shortestPathHeadingChanges:	4
minHeadingChanges:	3
