sx:	18
sy:	9
ex:	5
ey:	6
shortestPathLength:	16.679144
straightLineDistance:	13.341664
directness:	1.2501546
distanceCoverage:	0.47169906
minMapCoverage:	0.58969676
shortestPathHeadingChanges:	6
minHeadingChanges:	4
