sx:	19
sy:	12
ex:	1
ey:	11
shortestPathLength:	18.082764
straightLineDistance:	18.027756
directness:	1.0030513
distanceCoverage:	0.63737744
minMapCoverage:	0.6393222
shortestPathHeadingChanges:	3
minHeadingChanges:	3
