sx:	19
sy:	4
ex:	13
ey:	11
shortestPathLength:	9.436502
straightLineDistance:	9.219544
directness:	1.0235324
distanceCoverage:	0.32596013
minMapCoverage:	0.33363074
shortestPathHeadingChanges:	3
minHeadingChanges:	3
