sx:	20
sy:	12
ex:	12
ey:	8
shortestPathLength:	9.122417
straightLineDistance:	8.944272
directness:	1.0199172
distanceCoverage:	0.31622776
minMapCoverage:	0.32252616
shortestPathHeadingChanges:	4
minHeadingChanges:	4
