sx:	4
sy:	1
ex:	10
ey:	11
shortestPathLength:	12.073592
straightLineDistance:	11.661903
directness:	1.035302
distanceCoverage:	0.41231054
minMapCoverage:	0.42686594
shortestPathHeadingChanges:	4
minHeadingChanges:	4
