sx:	6
sy:	13
ex:	20
ey:	10
shortestPathLength:	14.351177
straightLineDistance:	14.3178215
directness:	1.0023297
distanceCoverage:	0.50621146
minMapCoverage:	0.50739074
shortestPathHeadingChanges:	3
minHeadingChanges:	3
