sx:	1
sy:	26
ex:	57
ey:	49
shortestPathLength:	78.60916
straightLineDistance:	60.53924
directness:	1.2984828
distanceCoverage:	0.42807707
minMapCoverage:	0.5558507
shortestPathHeadingChanges:	15
minHeadingChanges:	12
