sx:	10
sy:	87
ex:	48
ey:	93
shortestPathLength:	114.05699
straightLineDistance:	38.470768
directness:	2.9647703
distanceCoverage:	0.2720294
minMapCoverage:	0.8065047
shortestPathHeadingChanges:	30
minHeadingChanges:	18
