sx:	15
sy:	59
ex:	32
ey:	45
shortestPathLength:	42.875504
straightLineDistance:	22.022715
directness:	1.9468764
distanceCoverage:	0.15572411
minMapCoverage:	0.3031756
shortestPathHeadingChanges:	12
minHeadingChanges:	9
