sx:	2
sy:	72
ex:	71
ey:	24
shortestPathLength:	122.515656
straightLineDistance:	84.05355
directness:	1.4575905
distanceCoverage:	0.5943484
minMapCoverage:	0.8663165
shortestPathHeadingChanges:	29
minHeadingChanges:	19
