sx:	21
sy:	2
ex:	82
ey:	84
shortestPathLength:	127.56189
straightLineDistance:	102.20078
directness:	1.2481499
distanceCoverage:	0.72266865
minMapCoverage:	0.90199876
shortestPathHeadingChanges:	23
minHeadingChanges:	14
