sx:	3
sy:	74
ex:	66
ey:	82
shortestPathLength:	83.722336
straightLineDistance:	63.505905
directness:	1.3183393
distanceCoverage:	0.44905457
minMapCoverage:	0.5920063
shortestPathHeadingChanges:	21
minHeadingChanges:	14
