sx:	30
sy:	81
ex:	47
ey:	61
shortestPathLength:	69.95943
straightLineDistance:	26.24881
directness:	2.665242
distanceCoverage:	0.18560712
minMapCoverage:	0.49468786
shortestPathHeadingChanges:	20
minHeadingChanges:	10
