sx:	30
sy:	94
ex:	57
ey:	58
shortestPathLength:	66.739075
straightLineDistance:	45.0
directness:	1.4830905
distanceCoverage:	0.31819806
minMapCoverage:	0.47191653
shortestPathHeadingChanges:	16
minHeadingChanges:	10
