sx:	36
sy:	82
ex:	98
ey:	27
shortestPathLength:	109.72072
straightLineDistance:	82.87943
directness:	1.3238595
distanceCoverage:	0.5860461
minMapCoverage:	0.77584267
shortestPathHeadingChanges:	27
minHeadingChanges:	15
