sx:	39
sy:	24
ex:	17
ey:	11
shortestPathLength:	54.71073
straightLineDistance:	25.553865
directness:	2.1409962
distanceCoverage:	0.18069312
minMapCoverage:	0.3868633
shortestPathHeadingChanges:	14
minHeadingChanges:	11
