sx:	39
sy:	99
ex:	34
ey:	86
shortestPathLength:	14.16045
straightLineDistance:	13.928389
directness:	1.016661
distanceCoverage:	0.09848858
minMapCoverage:	0.1001295
shortestPathHeadingChanges:	4
minHeadingChanges:	4
