sx:	4
sy:	51
ex:	66
ey:	80
shortestPathLength:	83.71134
straightLineDistance:	68.44706
directness:	1.2230086
distanceCoverage:	0.4839938
minMapCoverage:	0.5919286
shortestPathHeadingChanges:	21
minHeadingChanges:	12
