sx:	4
sy:	85
ex:	47
ey:	97
shortestPathLength:	114.57448
straightLineDistance:	44.64303
directness:	2.5664585
distanceCoverage:	0.3156739
minMapCoverage:	0.8101639
shortestPathHeadingChanges:	30
minHeadingChanges:	17
