sx:	41
sy:	77
ex:	38
ey:	42
shortestPathLength:	110.72387
straightLineDistance:	35.128338
directness:	3.1519814
distanceCoverage:	0.24839486
minMapCoverage:	0.782936
shortestPathHeadingChanges:	28
minHeadingChanges:	16
