sx:	45
sy:	92
ex:	93
ey:	27
shortestPathLength:	90.87005
straightLineDistance:	80.80223
directness:	1.1245983
distanceCoverage:	0.571358
minMapCoverage:	0.64254826
shortestPathHeadingChanges:	22
minHeadingChanges:	13
