sx:	49
sy:	4
ex:	62
ey:	93
shortestPathLength:	103.29628
straightLineDistance:	89.94443
directness:	1.1484456
distanceCoverage:	0.63600314
minMapCoverage:	0.730415
shortestPathHeadingChanges:	20
minHeadingChanges:	13
