sx:	51
sy:	65
ex:	66
ey:	25
shortestPathLength:	102.93386
straightLineDistance:	42.72002
directness:	2.4094994
distanceCoverage:	0.30207616
minMapCoverage:	0.7278523
shortestPathHeadingChanges:	17
minHeadingChanges:	11
