sx:	52
sy:	67
ex:	25
ey:	8
shortestPathLength:	117.255844
straightLineDistance:	64.884514
directness:	1.8071468
distanceCoverage:	0.4588028
minMapCoverage:	0.82912403
shortestPathHeadingChanges:	21
minHeadingChanges:	13
