sx:	54
sy:	36
ex:	44
ey:	75
shortestPathLength:	117.296265
straightLineDistance:	40.261642
directness:	2.91335
distanceCoverage:	0.2846928
minMapCoverage:	0.82940984
shortestPathHeadingChanges:	25
minHeadingChanges:	16
