sx:	54
sy:	49
ex:	66
ey:	56
shortestPathLength:	15.596385
straightLineDistance:	13.892444
directness:	1.1226524
distanceCoverage:	0.09823441
minMapCoverage:	0.1102831
shortestPathHeadingChanges:	4
minHeadingChanges:	4
