sx:	55
sy:	29
ex:	1
ey:	22
shortestPathLength:	60.61817
straightLineDistance:	54.451813
directness:	1.1132443
distanceCoverage:	0.38503247
minMapCoverage:	0.4286352
shortestPathHeadingChanges:	12
minHeadingChanges:	12
