sx:	58
sy:	100
ex:	44
ey:	20
shortestPathLength:	88.56409
straightLineDistance:	81.21576
directness:	1.0904791
distanceCoverage:	0.57428217
minMapCoverage:	0.62624264
shortestPathHeadingChanges:	14
minHeadingChanges:	9
