sx:	60
sy:	23
ex:	64
ey:	41
shortestPathLength:	80.16705
straightLineDistance:	18.439089
directness:	4.347669
distanceCoverage:	0.13038404
minMapCoverage:	0.5668667
shortestPathHeadingChanges:	12
minHeadingChanges:	9
