sx:	60
sy:	77
ex:	1
ey:	71
shortestPathLength:	79.00144
straightLineDistance:	59.3043
directness:	1.3321369
distanceCoverage:	0.41934472
minMapCoverage:	0.55862457
shortestPathHeadingChanges:	22
minHeadingChanges:	13
