sx:	62
sy:	15
ex:	49
ey:	72
shortestPathLength:	139.4315
straightLineDistance:	58.463665
directness:	2.3849258
distanceCoverage:	0.41340053
minMapCoverage:	0.9859296
shortestPathHeadingChanges:	30
minHeadingChanges:	17
