sx:	67
sy:	66
ex:	95
ey:	42
shortestPathLength:	42.20739
straightLineDistance:	36.878178
directness:	1.1445086
distanceCoverage:	0.2607681
minMapCoverage:	0.2984513
shortestPathHeadingChanges:	7
minHeadingChanges:	7
