sx:	67
sy:	8
ex:	83
ey:	76
shortestPathLength:	88.10408
straightLineDistance:	69.856995
directness:	1.2612063
distanceCoverage:	0.49396354
minMapCoverage:	0.62298995
shortestPathHeadingChanges:	20
minHeadingChanges:	11
