sx:	68
sy:	64
ex:	61
ey:	73
shortestPathLength:	11.727968
straightLineDistance:	11.401754
directness:	1.0286108
distanceCoverage:	0.080622576
minMapCoverage:	0.08292926
shortestPathHeadingChanges:	4
minHeadingChanges:	3
