sx:	70
sy:	51
ex:	30
ey:	20
shortestPathLength:	72.16312
straightLineDistance:	50.606323
directness:	1.4259703
distanceCoverage:	0.35784075
minMapCoverage:	0.5102703
shortestPathHeadingChanges:	11
minHeadingChanges:	9
