sx:	72
sy:	14
ex:	97
ey:	29
shortestPathLength:	30.68465
straightLineDistance:	29.15476
directness:	1.0524747
distanceCoverage:	0.20615529
minMapCoverage:	0.21697325
shortestPathHeadingChanges:	6
minHeadingChanges:	5
