sx:	73
sy:	54
ex:	17
ey:	71
shortestPathLength:	68.212555
straightLineDistance:	58.5235
directness:	1.1655583
distanceCoverage:	0.41382363
minMapCoverage:	0.4823356
shortestPathHeadingChanges:	19
minHeadingChanges:	10
