sx:	75
sy:	4
ex:	76
ey:	6
shortestPathLength:	2.4142137
straightLineDistance:	2.236068
directness:	1.0796691
distanceCoverage:	0.01581139
minMapCoverage:	0.017071068
shortestPathHeadingChanges:	3
minHeadingChanges:	3
