sx:	75
sy:	54
ex:	45
ey:	50
shortestPathLength:	49.940033
straightLineDistance:	30.265491
directness:	1.6500652
distanceCoverage:	0.21400934
minMapCoverage:	0.35312936
shortestPathHeadingChanges:	13
minHeadingChanges:	8
