sx:	78
sy:	70
ex:	3
ey:	61
shortestPathLength:	84.51948
straightLineDistance:	75.53807
directness:	1.1188991
distanceCoverage:	0.5341348
minMapCoverage:	0.59764296
shortestPathHeadingChanges:	23
minHeadingChanges:	14
