sx:	8
sy:	68
ex:	65
ey:	49
shortestPathLength:	64.91546
straightLineDistance:	60.083275
directness:	1.0804248
distanceCoverage:	0.4248529
minMapCoverage:	0.4590216
shortestPathHeadingChanges:	19
minHeadingChanges:	11
