sx:	81
sy:	15
ex:	37
ey:	52
shortestPathLength:	70.05204
straightLineDistance:	57.48913
directness:	1.2185267
distanceCoverage:	0.40650952
minMapCoverage:	0.49534273
shortestPathHeadingChanges:	12
minHeadingChanges:	8
