sx:	83
sy:	72
ex:	27
ey:	61
shortestPathLength:	61.761158
straightLineDistance:	57.070133
directness:	1.0821975
distanceCoverage:	0.40354678
minMapCoverage:	0.43671733
shortestPathHeadingChanges:	16
minHeadingChanges:	10
