sx:	86
sy:	5
ex:	51
ey:	68
shortestPathLength:	107.265884
straightLineDistance:	72.06941
directness:	1.4883691
distanceCoverage:	0.5096077
minMapCoverage:	0.75848436
shortestPathHeadingChanges:	24
minHeadingChanges:	15
