sx:	89
sy:	77
ex:	0
ey:	24
shortestPathLength:	118.386246
straightLineDistance:	103.58572
directness:	1.142882
distanceCoverage:	0.73246163
minMapCoverage:	0.8371172
shortestPathHeadingChanges:	22
minHeadingChanges:	15
