sx:	9
sy:	66
ex:	0
ey:	10
shortestPathLength:	84.49254
straightLineDistance:	56.718605
directness:	1.4896795
distanceCoverage:	0.4010611
minMapCoverage:	0.59745246
shortestPathHeadingChanges:	18
minHeadingChanges:	14
