sx:	92
sy:	28
ex:	27
ey:	92
shortestPathLength:	114.974945
straightLineDistance:	91.21951
directness:	1.2604206
distanceCoverage:	0.64501935
minMapCoverage:	0.8129956
shortestPathHeadingChanges:	28
minHeadingChanges:	18
