sx:	93
sy:	60
ex:	64
ey:	45
shortestPathLength:	56.132023
straightLineDistance:	32.649654
directness:	1.7192225
distanceCoverage:	0.23086792
minMapCoverage:	0.39691335
shortestPathHeadingChanges:	13
minHeadingChanges:	8
