sx:	98
sy:	13
ex:	24
ey:	31
shortestPathLength:	80.36501
straightLineDistance:	76.15773
directness:	1.0552443
distanceCoverage:	0.53851646
minMapCoverage:	0.56826645
shortestPathHeadingChanges:	16
minHeadingChanges:	10
