sx:	12
sy:	19
ex:	33
ey:	13
shortestPathLength:	29.960989
straightLineDistance:	21.84033
directness:	1.3718194
distanceCoverage:	0.21416205
minMapCoverage:	0.29379165
shortestPathHeadingChanges:	10
minHeadingChanges:	6
