sx:	14
sy:	15
ex:	77
ey:	2
shortestPathLength:	71.84817
straightLineDistance:	64.327286
directness:	1.116916
distanceCoverage:	0.63078094
minMapCoverage:	0.7045292
shortestPathHeadingChanges:	16
minHeadingChanges:	8
