sx:	15
sy:	12
ex:	99
ey:	18
shortestPathLength:	101.68006
straightLineDistance:	84.21401
directness:	1.2074008
distanceCoverage:	0.8257863
minMapCoverage:	0.997055
shortestPathHeadingChanges:	21
minHeadingChanges:	14
