sx:	15
sy:	9
ex:	30
ey:	6
shortestPathLength:	15.434107
straightLineDistance:	15.297058
directness:	1.0089592
distanceCoverage:	0.14999999
minMapCoverage:	0.15134387
shortestPathHeadingChanges:	4
minHeadingChanges:	4
