sx:	18
sy:	15
ex:	48
ey:	10
shortestPathLength:	33.952538
straightLineDistance:	30.413813
directness:	1.1163526
distanceCoverage:	0.29823196
minMapCoverage:	0.33293203
shortestPathHeadingChanges:	8
minHeadingChanges:	5
