sx:	19
sy:	14
ex:	93
ey:	20
shortestPathLength:	90.84989
straightLineDistance:	74.24284
directness:	1.2236855
distanceCoverage:	0.72801095
minMapCoverage:	0.89085644
shortestPathHeadingChanges:	21
minHeadingChanges:	10
