sx:	20
sy:	0
ex:	4
ey:	17
shortestPathLength:	26.177616
straightLineDistance:	23.345236
directness:	1.1213259
distanceCoverage:	0.22891887
minMapCoverage:	0.25669265
shortestPathHeadingChanges:	6
minHeadingChanges:	5
