sx:	24
sy:	7
ex:	37
ey:	15
shortestPathLength:	17.586824
straightLineDistance:	15.264338
directness:	1.1521512
distanceCoverage:	0.14967914
minMapCoverage:	0.172453
shortestPathHeadingChanges:	6
minHeadingChanges:	5
