sx:	25
sy:	12
ex:	73
ey:	10
shortestPathLength:	54.115242
straightLineDistance:	48.04165
directness:	1.1264235
distanceCoverage:	0.47108713
minMapCoverage:	0.5306436
shortestPathHeadingChanges:	10
minHeadingChanges:	6
