sx:	34
sy:	19
ex:	29
ey:	11
shortestPathLength:	11.246211
straightLineDistance:	9.433981
directness:	1.192096
distanceCoverage:	0.092507794
minMapCoverage:	0.11027817
shortestPathHeadingChanges:	4
minHeadingChanges:	4
