sx:	36
sy:	1
ex:	61
ey:	17
shortestPathLength:	29.998894
straightLineDistance:	29.681644
directness:	1.0106884
distanceCoverage:	0.29105246
minMapCoverage:	0.29416335
shortestPathHeadingChanges:	5
minHeadingChanges:	4
