sx:	37
sy:	2
ex:	71
ey:	12
shortestPathLength:	39.04193
straightLineDistance:	35.44009
directness:	1.1016319
distanceCoverage:	0.34751868
minMapCoverage:	0.38283762
shortestPathHeadingChanges:	6
minHeadingChanges:	5
