sx:	45
sy:	18
ex:	87
ey:	19
shortestPathLength:	58.969376
straightLineDistance:	42.0119
directness:	1.403635
distanceCoverage:	0.41196057
minMapCoverage:	0.5782423
shortestPathHeadingChanges:	12
minHeadingChanges:	9
