sx:	45
sy:	2
ex:	44
ey:	12
shortestPathLength:	10.767829
straightLineDistance:	10.049875
directness:	1.071439
distanceCoverage:	0.09854713
minMapCoverage:	0.105587244
shortestPathHeadingChanges:	5
minHeadingChanges:	4
