sx:	49
sy:	17
ex:	56
ey:	3
shortestPathLength:	22.260296
straightLineDistance:	15.652476
directness:	1.4221581
distanceCoverage:	0.15348515
minMapCoverage:	0.21828015
shortestPathHeadingChanges:	5
minHeadingChanges:	5
