sx:	53
sy:	9
ex:	84
ey:	3
shortestPathLength:	39.268387
straightLineDistance:	31.575306
directness:	1.2436423
distanceCoverage:	0.30962133
minMapCoverage:	0.3850582
shortestPathHeadingChanges:	9
minHeadingChanges:	5
