sx:	54
sy:	2
ex:	70
ey:	7
shortestPathLength:	30.827898
straightLineDistance:	16.763054
directness:	1.8390383
distanceCoverage:	0.16437526
minMapCoverage:	0.3022924
shortestPathHeadingChanges:	10
minHeadingChanges:	7
