sx:	56
sy:	15
ex:	97
ey:	6
shortestPathLength:	43.784676
straightLineDistance:	41.976185
directness:	1.0430838
distanceCoverage:	0.41161034
minMapCoverage:	0.42934406
shortestPathHeadingChanges:	6
minHeadingChanges:	5
