sx:	57
sy:	19
ex:	23
ey:	6
shortestPathLength:	38.59675
straightLineDistance:	36.40055
directness:	1.0603342
distanceCoverage:	0.35693675
minMapCoverage:	0.37847224
shortestPathHeadingChanges:	5
minHeadingChanges:	4
