sx:	57
sy:	6
ex:	85
ey:	10
shortestPathLength:	36.187836
straightLineDistance:	28.284271
directness:	1.2794333
distanceCoverage:	0.2773501
minMapCoverage:	0.35485092
shortestPathHeadingChanges:	11
minHeadingChanges:	9
