sx:	60
sy:	4
ex:	78
ey:	1
shortestPathLength:	22.648794
straightLineDistance:	18.248287
directness:	1.2411463
distanceCoverage:	0.17893918
minMapCoverage:	0.2220897
shortestPathHeadingChanges:	10
minHeadingChanges:	7
