sx:	61
sy:	14
ex:	89
ey:	11
shortestPathLength:	33.959816
straightLineDistance:	28.160255
directness:	1.2059485
distanceCoverage:	0.276134
minMapCoverage:	0.33300337
shortestPathHeadingChanges:	9
minHeadingChanges:	6
