sx:	63
sy:	12
ex:	84
ey:	16
shortestPathLength:	39.691525
straightLineDistance:	21.377558
directness:	1.8566912
distanceCoverage:	0.2096242
minMapCoverage:	0.38920742
shortestPathHeadingChanges:	9
minHeadingChanges:	7
