sx:	64
sy:	10
ex:	29
ey:	8
shortestPathLength:	40.79881
straightLineDistance:	35.057095
directness:	1.1637818
distanceCoverage:	0.34376308
minMapCoverage:	0.40006524
shortestPathHeadingChanges:	10
minHeadingChanges:	7
