sx:	65
sy:	20
ex:	68
ey:	7
shortestPathLength:	14.561471
straightLineDistance:	13.341664
directness:	1.0914284
distanceCoverage:	0.13082577
minMapCoverage:	0.14278696
shortestPathHeadingChanges:	5
minHeadingChanges:	5
