sx:	66
sy:	13
ex:	73
ey:	14
shortestPathLength:	8.064495
straightLineDistance:	7.071068
directness:	1.1404918
distanceCoverage:	0.069337524
minMapCoverage:	0.079078875
shortestPathHeadingChanges:	6
minHeadingChanges:	5
