sx:	67
sy:	20
ex:	72
ey:	3
shortestPathLength:	20.735209
straightLineDistance:	17.720045
directness:	1.1701555
distanceCoverage:	0.17375934
minMapCoverage:	0.20332545
shortestPathHeadingChanges:	7
minHeadingChanges:	5
