sx:	69
sy:	2
ex:	21
ey:	13
shortestPathLength:	59.040733
straightLineDistance:	49.24429
directness:	1.1989356
distanceCoverage:	0.48287997
minMapCoverage:	0.578942
shortestPathHeadingChanges:	17
minHeadingChanges:	9
