sx:	71
sy:	15
ex:	36
ey:	18
shortestPathLength:	40.534378
straightLineDistance:	35.128338
directness:	1.153894
distanceCoverage:	0.34446168
minMapCoverage:	0.39747226
shortestPathHeadingChanges:	6
minHeadingChanges:	5
