sx:	72
sy:	15
ex:	78
ey:	5
shortestPathLength:	12.9020195
straightLineDistance:	11.661903
directness:	1.1063391
distanceCoverage:	0.11435437
minMapCoverage:	0.1265147
shortestPathHeadingChanges:	3
minHeadingChanges:	3
