sx:	76
sy:	19
ex:	23
ey:	10
shortestPathLength:	60.15922
straightLineDistance:	53.75872
directness:	1.1190598
distanceCoverage:	0.5271476
minMapCoverage:	0.5899097
shortestPathHeadingChanges:	14
minHeadingChanges:	9
