sx:	80
sy:	20
ex:	46
ey:	11
shortestPathLength:	63.555096
straightLineDistance:	35.17101
directness:	1.8070308
distanceCoverage:	0.3448801
minMapCoverage:	0.623209
shortestPathHeadingChanges:	13
minHeadingChanges:	8
