sx:	81
sy:	2
ex:	75
ey:	15
shortestPathLength:	18.309662
straightLineDistance:	14.3178215
directness:	1.2788022
distanceCoverage:	0.14039779
minMapCoverage:	0.179541
shortestPathHeadingChanges:	5
minHeadingChanges:	5
