sx:	86
sy:	14
ex:	67
ey:	18
shortestPathLength:	31.695183
straightLineDistance:	19.416489
directness:	1.6323849
distanceCoverage:	0.19039433
minMapCoverage:	0.31079683
shortestPathHeadingChanges:	10
minHeadingChanges:	6
