sx:	87
sy:	13
ex:	74
ey:	12
shortestPathLength:	23.75091
straightLineDistance:	13.038404
directness:	1.8216116
distanceCoverage:	0.12785207
minMapCoverage:	0.23289682
shortestPathHeadingChanges:	7
minHeadingChanges:	5
