sx:	89
sy:	7
ex:	92
ey:	19
shortestPathLength:	15.055199
straightLineDistance:	12.369317
directness:	1.2171407
distanceCoverage:	0.12129113
minMapCoverage:	0.14762837
shortestPathHeadingChanges:	9
minHeadingChanges:	6
