sx:	9
sy:	18
ex:	88
ey:	15
shortestPathLength:	97.59309
straightLineDistance:	79.05694
directness:	1.2344658
distanceCoverage:	0.77521706
minMapCoverage:	0.9569789
shortestPathHeadingChanges:	18
minHeadingChanges:	10
