sx:	92
sy:	5
ex:	7
ey:	3
shortestPathLength:	92.722466
straightLineDistance:	85.02353
directness:	1.0905507
distanceCoverage:	0.83372426
minMapCoverage:	0.90921855
shortestPathHeadingChanges:	15
minHeadingChanges:	10
