sx:	101
sy:	153
ex:	16
ey:	67
shortestPathLength:	138.44131
straightLineDistance:	120.91733
directness:	1.1449254
distanceCoverage:	0.5029498
minMapCoverage:	0.57583994
shortestPathHeadingChanges:	8
minHeadingChanges:	4
