sx:	102
sy:	89
ex:	118
ey:	169
shortestPathLength:	83.02075
straightLineDistance:	81.58431
directness:	1.0176069
distanceCoverage:	0.339346
minMapCoverage:	0.3453208
shortestPathHeadingChanges:	5
minHeadingChanges:	4
