sx:	102
sy:	113
ex:	150
ey:	126
shortestPathLength:	67.59884
straightLineDistance:	49.729267
directness:	1.3593371
distanceCoverage:	0.20684648
minMapCoverage:	0.2811741
shortestPathHeadingChanges:	10
minHeadingChanges:	3
