sx:	109
sy:	155
ex:	108
ey:	9
shortestPathLength:	155.464
straightLineDistance:	146.00342
directness:	1.064797
distanceCoverage:	0.60729414
minMapCoverage:	0.646645
shortestPathHeadingChanges:	7
minHeadingChanges:	6
