sx:	111
sy:	128
ex:	147
ey:	104
shortestPathLength:	58.97358
straightLineDistance:	43.266617
directness:	1.3630273
distanceCoverage:	0.1799654
minMapCoverage:	0.24529776
shortestPathHeadingChanges:	7
minHeadingChanges:	4
