sx:	112
sy:	92
ex:	54
ey:	129
shortestPathLength:	82.423195
straightLineDistance:	68.7968
directness:	1.1980673
distanceCoverage:	0.28615695
minMapCoverage:	0.3428353
shortestPathHeadingChanges:	9
minHeadingChanges:	4
