sx:	113
sy:	56
ex:	38
ey:	59
shortestPathLength:	105.251564
straightLineDistance:	75.059975
directness:	1.4022329
distanceCoverage:	0.31220832
minMapCoverage:	0.43778878
shortestPathHeadingChanges:	12
minHeadingChanges:	8
