sx:	115
sy:	149
ex:	65
ey:	51
shortestPathLength:	176.44493
straightLineDistance:	110.01818
directness:	1.6037798
distanceCoverage:	0.45761532
minMapCoverage:	0.73391414
shortestPathHeadingChanges:	15
minHeadingChanges:	5
