sx:	116
sy:	91
ex:	150
ey:	104
shortestPathLength:	36.702415
straightLineDistance:	36.40055
directness:	1.0082929
distanceCoverage:	0.15140633
minMapCoverage:	0.15266192
shortestPathHeadingChanges:	4
minHeadingChanges:	3
