sx:	116
sy:	88
ex:	109
ey:	75
shortestPathLength:	86.93444
straightLineDistance:	14.764823
directness:	5.8879433
distanceCoverage:	0.061413568
minMapCoverage:	0.3615996
shortestPathHeadingChanges:	15
minHeadingChanges:	5
