sx:	120
sy:	28
ex:	50
ey:	135
shortestPathLength:	145.96416
straightLineDistance:	127.863205
directness:	1.141565
distanceCoverage:	0.5318408
minMapCoverage:	0.6071308
shortestPathHeadingChanges:	7
minHeadingChanges:	5
