sx:	126
sy:	117
ex:	152
ey:	82
shortestPathLength:	72.30756
straightLineDistance:	43.60046
directness:	1.6584128
distanceCoverage:	0.181354
minMapCoverage:	0.30075982
shortestPathHeadingChanges:	9
minHeadingChanges:	6
