sx:	129
sy:	165
ex:	80
ey:	55
shortestPathLength:	120.940094
straightLineDistance:	120.4201
directness:	1.0043182
distanceCoverage:	0.50088155
minMapCoverage:	0.5030445
shortestPathHeadingChanges:	5
minHeadingChanges:	3
