sx:	13
sy:	18
ex:	48
ey:	126
shortestPathLength:	125.437996
straightLineDistance:	113.52973
directness:	1.1048912
distanceCoverage:	0.47222143
minMapCoverage:	0.52175325
shortestPathHeadingChanges:	10
minHeadingChanges:	5
