sx:	130
sy:	122
ex:	150
ey:	148
shortestPathLength:	32.80976
straightLineDistance:	32.80244
directness:	1.0002232
distanceCoverage:	0.13644017
minMapCoverage:	0.13647062
shortestPathHeadingChanges:	3
minHeadingChanges:	3
