sx:	134
sy:	42
ex:	109
ey:	60
shortestPathLength:	63.558304
straightLineDistance:	30.805843
directness:	2.06319
distanceCoverage:	0.12813541
minMapCoverage:	0.2643677
shortestPathHeadingChanges:	10
minHeadingChanges:	5
