sx:	134
sy:	70
ex:	101
ey:	151
shortestPathLength:	93.8331
straightLineDistance:	87.46428
directness:	1.0728163
distanceCoverage:	0.36380345
minMapCoverage:	0.39029425
shortestPathHeadingChanges:	6
minHeadingChanges:	4
