sx:	138
sy:	40
ex:	120
ey:	34
shortestPathLength:	18.973665
straightLineDistance:	18.973665
directness:	1.0
distanceCoverage:	0.078920044
minMapCoverage:	0.078920044
shortestPathHeadingChanges:	2
minHeadingChanges:	2
