sx:	138
sy:	142
ex:	94
ey:	14
shortestPathLength:	170.3196
straightLineDistance:	135.3514
directness:	1.2583512
distanceCoverage:	0.56298757
minMapCoverage:	0.70843613
shortestPathHeadingChanges:	11
minHeadingChanges:	7
