sx:	148
sy:	99
ex:	109
ey:	89
shortestPathLength:	41.446117
straightLineDistance:	40.261642
directness:	1.0294194
distanceCoverage:	0.16746636
minMapCoverage:	0.17239313
shortestPathHeadingChanges:	4
minHeadingChanges:	3
