sx:	149
sy:	19
ex:	153
ey:	24
shortestPathLength:	6.4031243
straightLineDistance:	6.4031243
directness:	1.0
distanceCoverage:	0.026633486
minMapCoverage:	0.026633486
shortestPathHeadingChanges:	2
minHeadingChanges:	2
