sx:	149
sy:	153
ex:	111
ey:	55
shortestPathLength:	148.32251
straightLineDistance:	105.10947
directness:	1.4111242
distanceCoverage:	0.43719774
minMapCoverage:	0.6169403
shortestPathHeadingChanges:	16
minHeadingChanges:	6
