sx:	15
sy:	27
ex:	131
ey:	143
shortestPathLength:	169.48492
straightLineDistance:	164.04877
directness:	1.0331374
distanceCoverage:	0.6823529
minMapCoverage:	0.70496434
shortestPathHeadingChanges:	11
minHeadingChanges:	4
