sx:	155
sy:	74
ex:	35
ey:	21
shortestPathLength:	173.06271
straightLineDistance:	131.18307
directness:	1.3192457
distanceCoverage:	0.54564965
minMapCoverage:	0.719846
shortestPathHeadingChanges:	12
minHeadingChanges:	7
