sx:	16
sy:	95
ex:	10
ey:	29
shortestPathLength:	69.47237
straightLineDistance:	66.27216
directness:	1.0482888
distanceCoverage:	0.27565587
minMapCoverage:	0.28896695
shortestPathHeadingChanges:	6
minHeadingChanges:	4
