sx:	161
sy:	58
ex:	20
ey:	124
shortestPathLength:	164.50925
straightLineDistance:	155.68237
directness:	1.056698
distanceCoverage:	0.6475533
minMapCoverage:	0.68426824
shortestPathHeadingChanges:	9
minHeadingChanges:	4
