sx:	169
sy:	103
ex:	72
ey:	160
shortestPathLength:	114.63072
straightLineDistance:	112.507774
directness:	1.0188694
distanceCoverage:	0.46797064
minMapCoverage:	0.47680095
shortestPathHeadingChanges:	6
minHeadingChanges:	6
