sx:	18
sy:	19
ex:	79
ey:	65
shortestPathLength:	85.96428
straightLineDistance:	76.40026
directness:	1.1251831
distanceCoverage:	0.31778318
minMapCoverage:	0.35756427
shortestPathHeadingChanges:	7
minHeadingChanges:	5
