sx:	29
sy:	94
ex:	72
ey:	133
shortestPathLength:	67.96472
straightLineDistance:	58.0517
directness:	1.170762
distanceCoverage:	0.24146324
minMapCoverage:	0.28269598
shortestPathHeadingChanges:	6
minHeadingChanges:	3
