sx:	33
sy:	14
ex:	141
ey:	104
shortestPathLength:	145.50806
straightLineDistance:	140.58449
directness:	1.0350221
distanceCoverage:	0.5847544
minMapCoverage:	0.6052337
shortestPathHeadingChanges:	7
minHeadingChanges:	3
