sx:	40
sy:	32
ex:	124
ey:	97
shortestPathLength:	114.14853
straightLineDistance:	106.21205
directness:	1.074723
distanceCoverage:	0.4417839
minMapCoverage:	0.47479528
shortestPathHeadingChanges:	10
minHeadingChanges:	3
