sx:	40
sy:	67
ex:	85
ey:	156
shortestPathLength:	126.86403
straightLineDistance:	99.72964
directness:	1.2720795
distanceCoverage:	0.4148206
minMapCoverage:	0.5276848
shortestPathHeadingChanges:	10
minHeadingChanges:	6
