sx:	42
sy:	128
ex:	32
ey:	64
shortestPathLength:	75.38153
straightLineDistance:	64.77654
directness:	1.1637164
distanceCoverage:	0.2694349
minMapCoverage:	0.31354582
shortestPathHeadingChanges:	8
minHeadingChanges:	4
