sx:	50
sy:	58
ex:	64
ey:	13
shortestPathLength:	56.97941
straightLineDistance:	47.127487
directness:	1.2090483
distanceCoverage:	0.1960245
minMapCoverage:	0.23700309
shortestPathHeadingChanges:	7
minHeadingChanges:	4
