sx:	52
sy:	69
ex:	83
ey:	66
shortestPathLength:	33.080215
straightLineDistance:	31.144823
directness:	1.0621417
distanceCoverage:	0.12954539
minMapCoverage:	0.13759556
shortestPathHeadingChanges:	4
minHeadingChanges:	3
