sx:	54
sy:	142
ex:	104
ey:	62
shortestPathLength:	119.63931
straightLineDistance:	94.33981
directness:	1.2681742
distanceCoverage:	0.3924019
minMapCoverage:	0.49763393
shortestPathHeadingChanges:	13
minHeadingChanges:	5
