sx:	54
sy:	41
ex:	68
ey:	7
shortestPathLength:	53.86671
straightLineDistance:	36.769554
directness:	1.4649813
distanceCoverage:	0.15294118
minMapCoverage:	0.22405598
shortestPathHeadingChanges:	7
minHeadingChanges:	4
