sx:	55
sy:	136
ex:	57
ey:	41
shortestPathLength:	133.06143
straightLineDistance:	95.02105
directness:	1.4003364
distanceCoverage:	0.39523545
minMapCoverage:	0.55346256
shortestPathHeadingChanges:	13
minHeadingChanges:	5
