sx:	57
sy:	43
ex:	76
ey:	65
shortestPathLength:	74.175766
straightLineDistance:	29.068884
directness:	2.551724
distanceCoverage:	0.120910615
minMapCoverage:	0.3085305
shortestPathHeadingChanges:	9
minHeadingChanges:	4
