sx:	58
sy:	160
ex:	19
ey:	88
shortestPathLength:	133.52628
straightLineDistance:	81.88406
directness:	1.6306747
distanceCoverage:	0.3405928
minMapCoverage:	0.5553961
shortestPathHeadingChanges:	13
minHeadingChanges:	7
