sx:	62
sy:	33
ex:	81
ey:	121
shortestPathLength:	94.4274
straightLineDistance:	90.02777
directness:	1.0488697
distanceCoverage:	0.37446615
minMapCoverage:	0.3927662
shortestPathHeadingChanges:	6
minHeadingChanges:	3
