sx:	70
sy:	135
ex:	32
ey:	21
shortestPathLength:	143.22675
straightLineDistance:	120.16655
directness:	1.1919019
distanceCoverage:	0.49982697
minMapCoverage:	0.5957447
shortestPathHeadingChanges:	10
minHeadingChanges:	5
