sx:	88
sy:	18
ex:	105
ey:	152
shortestPathLength:	149.21518
straightLineDistance:	135.07405
directness:	1.1046916
distanceCoverage:	0.561834
minMapCoverage:	0.62065333
shortestPathHeadingChanges:	8
minHeadingChanges:	5
