sx:	97
sy:	69
ex:	52
ey:	125
shortestPathLength:	121.5491
straightLineDistance:	71.8401
directness:	1.6919395
distanceCoverage:	0.29881543
minMapCoverage:	0.5055776
shortestPathHeadingChanges:	15
minHeadingChanges:	7
