sx:	1
sy:	13
ex:	15
ey:	16
shortestPathLength:	18.300564
straightLineDistance:	14.3178215
directness:	1.2781668
distanceCoverage:	0.3374743
minMapCoverage:	0.4313484
shortestPathHeadingChanges:	6
minHeadingChanges:	5
