sx:	1
sy:	8
ex:	29
ey:	18
shortestPathLength:	38.367584
straightLineDistance:	29.732138
directness:	1.2904415
distanceCoverage:	0.7007932
minMapCoverage:	0.90433264
shortestPathHeadingChanges:	9
minHeadingChanges:	7
