sx:	10
sy:	27
ex:	17
ey:	8
shortestPathLength:	22.44851
straightLineDistance:	20.248457
directness:	1.1086528
distanceCoverage:	0.4772607
minMapCoverage:	0.52911645
shortestPathHeadingChanges:	8
minHeadingChanges:	6
