sx:	10
sy:	26
ex:	29
ey:	3
shortestPathLength:	34.659393
straightLineDistance:	29.832869
directness:	1.1617855
distanceCoverage:	0.70316744
minMapCoverage:	0.81692976
shortestPathHeadingChanges:	7
minHeadingChanges:	6
