sx:	12
sy:	19
ex:	14
ey:	8
shortestPathLength:	12.773386
straightLineDistance:	11.18034
directness:	1.1424863
distanceCoverage:	0.26352313
minMapCoverage:	0.30107158
shortestPathHeadingChanges:	7
minHeadingChanges:	5
