sx:	12
sy:	30
ex:	18
ey:	27
shortestPathLength:	6.7993784
straightLineDistance:	6.708204
directness:	1.0135915
distanceCoverage:	0.15811388
minMapCoverage:	0.16026288
shortestPathHeadingChanges:	3
minHeadingChanges:	3
