sx:	16
sy:	20
ex:	14
ey:	16
shortestPathLength:	4.6055512
straightLineDistance:	4.472136
directness:	1.0298326
distanceCoverage:	0.10540926
minMapCoverage:	0.10855389
shortestPathHeadingChanges:	3
minHeadingChanges:	3
