sx:	17
sy:	15
ex:	24
ey:	23
shortestPathLength:	11.262405
straightLineDistance:	10.630146
directness:	1.0594779
distanceCoverage:	0.25055495
minMapCoverage:	0.26545745
shortestPathHeadingChanges:	5
minHeadingChanges:	3
