sx:	19
sy:	17
ex:	24
ey:	10
shortestPathLength:	28.874817
straightLineDistance:	8.602325
directness:	3.3566291
distanceCoverage:	0.20275876
minMapCoverage:	0.680586
shortestPathHeadingChanges:	9
minHeadingChanges:	6
