sx:	20
sy:	18
ex:	5
ey:	6
shortestPathLength:	34.52986
straightLineDistance:	19.209373
directness:	1.7975527
distanceCoverage:	0.45276928
minMapCoverage:	0.8138766
shortestPathHeadingChanges:	11
minHeadingChanges:	9
