sx:	20
sy:	23
ex:	23
ey:	10
shortestPathLength:	27.380348
straightLineDistance:	13.341664
directness:	2.0522437
distanceCoverage:	0.31446603
minMapCoverage:	0.645361
shortestPathHeadingChanges:	8
minHeadingChanges:	5
