sx:	21
sy:	22
ex:	10
ey:	7
shortestPathLength:	23.142029
straightLineDistance:	18.601076
directness:	1.2441231
distanceCoverage:	0.43843156
minMapCoverage:	0.54546285
shortestPathHeadingChanges:	7
minHeadingChanges:	5
