sx:	22
sy:	17
ex:	30
ey:	27
shortestPathLength:	17.316107
straightLineDistance:	12.806249
directness:	1.3521607
distanceCoverage:	0.30184618
minMapCoverage:	0.40814456
shortestPathHeadingChanges:	6
minHeadingChanges:	6
