sx:	23
sy:	20
ex:	21
ey:	17
shortestPathLength:	3.828427
straightLineDistance:	3.6055512
directness:	1.0618147
distanceCoverage:	0.084983654
minMapCoverage:	0.090236895
shortestPathHeadingChanges:	3
minHeadingChanges:	3
