sx:	25
sy:	4
ex:	23
ey:	19
shortestPathLength:	20.126753
straightLineDistance:	15.132746
directness:	1.3300133
distanceCoverage:	0.35668224
minMapCoverage:	0.47439212
shortestPathHeadingChanges:	6
minHeadingChanges:	4
