sx:	27
sy:	13
ex:	5
ey:	21
shortestPathLength:	31.234076
straightLineDistance:	23.409399
directness:	1.3342537
distanceCoverage:	0.55176485
minMapCoverage:	0.7361942
shortestPathHeadingChanges:	6
minHeadingChanges:	6
