sx:	27
sy:	22
ex:	4
ey:	18
shortestPathLength:	26.288103
straightLineDistance:	23.345236
directness:	1.1260586
distanceCoverage:	0.5502525
minMapCoverage:	0.6196165
shortestPathHeadingChanges:	7
minHeadingChanges:	5
