sx:	27
sy:	3
ex:	13
ey:	6
shortestPathLength:	40.181953
straightLineDistance:	14.3178215
directness:	2.8064294
distanceCoverage:	0.3374743
minMapCoverage:	0.9470977
shortestPathHeadingChanges:	12
minHeadingChanges:	8
