sx:	28
sy:	24
ex:	16
ey:	23
shortestPathLength:	12.062258
straightLineDistance:	12.0415945
directness:	1.001716
distanceCoverage:	0.2838231
minMapCoverage:	0.28431013
shortestPathHeadingChanges:	3
minHeadingChanges:	3
