sx:	3
sy:	17
ex:	8
ey:	22
shortestPathLength:	27.211752
straightLineDistance:	7.071068
directness:	3.8483229
distanceCoverage:	0.16666667
minMapCoverage:	0.64138716
shortestPathHeadingChanges:	11
minHeadingChanges:	7
