sx:	4
sy:	29
ex:	15
ey:	28
shortestPathLength:	20.596254
straightLineDistance:	11.045361
directness:	1.8646973
distanceCoverage:	0.26034164
minMapCoverage:	0.48545837
shortestPathHeadingChanges:	9
minHeadingChanges:	7
