sx:	5
sy:	29
ex:	18
ey:	18
shortestPathLength:	18.556396
straightLineDistance:	17.029387
directness:	1.0896691
distanceCoverage:	0.4013865
minMapCoverage:	0.43737847
shortestPathHeadingChanges:	7
minHeadingChanges:	6
