sx:	6
sy:	5
ex:	25
ey:	3
shortestPathLength:	58.847954
straightLineDistance:	19.104973
directness:	3.0802426
distanceCoverage:	0.45030853
minMapCoverage:	1.3870596
shortestPathHeadingChanges:	15
minHeadingChanges:	10
