sx:	7
sy:	30
ex:	30
ey:	20
shortestPathLength:	26.138384
straightLineDistance:	25.079872
directness:	1.0422056
distanceCoverage:	0.59113824
minMapCoverage:	0.6160876
shortestPathHeadingChanges:	6
minHeadingChanges:	6
