sx:	7
sy:	6
ex:	14
ey:	18
shortestPathLength:	30.63565
straightLineDistance:	13.892444
directness:	2.2052023
distanceCoverage:	0.32744804
minMapCoverage:	0.72208923
shortestPathHeadingChanges:	9
minHeadingChanges:	7
