sx:	8
sy:	30
ex:	29
ey:	26
shortestPathLength:	29.084326
straightLineDistance:	21.377558
directness:	1.3605074
distanceCoverage:	0.5038739
minMapCoverage:	0.6855241
shortestPathHeadingChanges:	12
minHeadingChanges:	8
