sx:	12
sy:	5
ex:	21
ey:	28
shortestPathLength:	24.738634
straightLineDistance:	24.698177
directness:	1.001638
distanceCoverage:	0.58214164
minMapCoverage:	0.5830952
shortestPathHeadingChanges:	3
minHeadingChanges:	3
