sx:	13
sy:	3
ex:	16
ey:	29
shortestPathLength:	26.213636
straightLineDistance:	26.172504
directness:	1.0015715
distanceCoverage:	0.61689186
minMapCoverage:	0.61786133
shortestPathHeadingChanges:	3
minHeadingChanges:	3
