sx:	13
sy:	6
ex:	23
ey:	7
shortestPathLength:	10.660424
straightLineDistance:	10.049875
directness:	1.0607519
distanceCoverage:	0.23687783
minMapCoverage:	0.2512686
shortestPathHeadingChanges:	4
minHeadingChanges:	3
