sx:	18
sy:	2
ex:	9
ey:	24
shortestPathLength:	23.856714
straightLineDistance:	23.769728
directness:	1.0036596
distanceCoverage:	0.56025785
minMapCoverage:	0.56230813
shortestPathHeadingChanges:	3
minHeadingChanges:	3
