sx:	24
sy:	18
ex:	16
ey:	9
shortestPathLength:	12.381823
straightLineDistance:	12.0415945
directness:	1.0282544
distanceCoverage:	0.2838231
minMapCoverage:	0.29184237
shortestPathHeadingChanges:	3
minHeadingChanges:	3
