sx:	24
sy:	10
ex:	8
ey:	8
shortestPathLength:	16.732035
straightLineDistance:	16.124516
directness:	1.0376767
distanceCoverage:	0.38005847
minMapCoverage:	0.39437783
shortestPathHeadingChanges:	4
minHeadingChanges:	3
