sx:	24
sy:	8
ex:	9
ey:	10
shortestPathLength:	15.142136
straightLineDistance:	15.132746
directness:	1.0006205
distanceCoverage:	0.35668224
minMapCoverage:	0.35690355
shortestPathHeadingChanges:	3
minHeadingChanges:	3
