sx:	25
sy:	12
ex:	0
ey:	17
shortestPathLength:	25.522263
straightLineDistance:	25.495098
directness:	1.0010655
distanceCoverage:	0.6009252
minMapCoverage:	0.6015655
shortestPathHeadingChanges:	3
minHeadingChanges:	3
