sx:	25
sy:	2
ex:	26
ey:	29
shortestPathLength:	27.029387
straightLineDistance:	27.018513
directness:	1.0004025
distanceCoverage:	0.6368325
minMapCoverage:	0.6370888
shortestPathHeadingChanges:	3
minHeadingChanges:	3
