sx:	25
sy:	2
ex:	29
ey:	15
shortestPathLength:	13.779272
straightLineDistance:	13.601471
directness:	1.0130723
distanceCoverage:	0.32058975
minMapCoverage:	0.32478055
shortestPathHeadingChanges:	3
minHeadingChanges:	3
