sx:	26
sy:	30
ex:	13
ey:	18
shortestPathLength:	17.704826
straightLineDistance:	17.691807
directness:	1.0007359
distanceCoverage:	0.41699988
minMapCoverage:	0.41730675
shortestPathHeadingChanges:	3
minHeadingChanges:	3
