sx:	27
sy:	0
ex:	25
ey:	19
shortestPathLength:	19.112663
straightLineDistance:	19.104973
directness:	1.0004026
distanceCoverage:	0.45030853
minMapCoverage:	0.4504898
shortestPathHeadingChanges:	3
minHeadingChanges:	3
