sx:	27
sy:	26
ex:	10
ey:	25
shortestPathLength:	17.071068
straightLineDistance:	17.029387
directness:	1.0024476
distanceCoverage:	0.4013865
minMapCoverage:	0.40236893
shortestPathHeadingChanges:	4
minHeadingChanges:	3
