sx:	29
sy:	8
ex:	19
ey:	2
shortestPathLength:	11.709844
straightLineDistance:	11.661903
directness:	1.0041108
distanceCoverage:	0.2748737
minMapCoverage:	0.27600366
shortestPathHeadingChanges:	3
minHeadingChanges:	3
