sx:	29
sy:	9
ex:	19
ey:	6
shortestPathLength:	11.796691
straightLineDistance:	10.440307
directness:	1.1299181
distanceCoverage:	0.24608038
minMapCoverage:	0.27805066
shortestPathHeadingChanges:	5
minHeadingChanges:	3
