sx:	30
sy:	28
ex:	21
ey:	8
shortestPathLength:	21.931904
straightLineDistance:	21.931713
directness:	1.0000087
distanceCoverage:	0.5169354
minMapCoverage:	0.51693994
shortestPathHeadingChanges:	3
minHeadingChanges:	3
