sx:	4
sy:	5
ex:	30
ey:	18
shortestPathLength:	29.149979
straightLineDistance:	29.068884
directness:	1.0027897
distanceCoverage:	0.68516016
minMapCoverage:	0.68707156
shortestPathHeadingChanges:	3
minHeadingChanges:	3
