sx:	8
sy:	25
ex:	17
ey:	11
shortestPathLength:	16.678692
straightLineDistance:	16.643316
directness:	1.0021255
distanceCoverage:	0.39228672
minMapCoverage:	0.39312053
shortestPathHeadingChanges:	3
minHeadingChanges:	3
