sx:	8
sy:	9
ex:	28
ey:	15
shortestPathLength:	21.061096
straightLineDistance:	20.880613
directness:	1.0086435
distanceCoverage:	0.49216077
minMapCoverage:	0.4964148
shortestPathHeadingChanges:	3
minHeadingChanges:	3
