sx:	104
sy:	31
ex:	16
ey:	50
shortestPathLength:	146.75128
straightLineDistance:	90.02777
directness:	1.6300669
distanceCoverage:	0.48409724
minMapCoverage:	0.78911084
shortestPathHeadingChanges:	9
minHeadingChanges:	6
