sx:	105
sy:	97
ex:	40
ey:	37
shortestPathLength:	89.574295
straightLineDistance:	88.45903
directness:	1.0126077
distanceCoverage:	0.4756618
minMapCoverage:	0.48165882
shortestPathHeadingChanges:	7
minHeadingChanges:	4
