sx:	105
sy:	46
ex:	91
ey:	57
shortestPathLength:	63.177902
straightLineDistance:	17.804493
directness:	3.5484247
distanceCoverage:	0.0957383
minMapCoverage:	0.33972016
shortestPathHeadingChanges:	8
minHeadingChanges:	4
