sx:	109
sy:	77
ex:	27
ey:	47
shortestPathLength:	88.51603
straightLineDistance:	87.31552
directness:	1.0137491
distanceCoverage:	0.46951294
minMapCoverage:	0.4759683
shortestPathHeadingChanges:	6
minHeadingChanges:	3
