sx:	111
sy:	73
ex:	71
ey:	104
shortestPathLength:	70.50644
straightLineDistance:	50.606323
directness:	1.3932338
distanceCoverage:	0.27212027
minMapCoverage:	0.37912714
shortestPathHeadingChanges:	10
minHeadingChanges:	6
