sx:	115
sy:	110
ex:	128
ey:	108
shortestPathLength:	13.152946
straightLineDistance:	13.152946
directness:	1.0
distanceCoverage:	0.07072601
minMapCoverage:	0.07072601
shortestPathHeadingChanges:	2
minHeadingChanges:	2
