sx:	115
sy:	28
ex:	84
ey:	39
shortestPathLength:	98.562485
straightLineDistance:	32.89377
directness:	2.9963877
distanceCoverage:	0.17687634
minMapCoverage:	0.5299901
shortestPathHeadingChanges:	10
minHeadingChanges:	5
