sx:	120
sy:	118
ex:	131
ey:	126
shortestPathLength:	18.162277
straightLineDistance:	13.601471
directness:	1.3353171
distanceCoverage:	0.07313781
minMapCoverage:	0.09766218
shortestPathHeadingChanges:	4
minHeadingChanges:	3
