sx:	122
sy:	128
ex:	124
ey:	119
shortestPathLength:	12.645765
straightLineDistance:	9.219544
directness:	1.3716258
distanceCoverage:	0.049575325
minMapCoverage:	0.0679988
shortestPathHeadingChanges:	4
minHeadingChanges:	4
