sx:	124
sy:	119
ex:	129
ey:	125
shortestPathLength:	13.261297
straightLineDistance:	7.81025
directness:	1.6979351
distanceCoverage:	0.04199727
minMapCoverage:	0.071308635
shortestPathHeadingChanges:	5
minHeadingChanges:	4
