sx:	15
sy:	68
ex:	67
ey:	54
shortestPathLength:	64.40321
straightLineDistance:	53.851646
directness:	1.1959376
distanceCoverage:	0.28957102
minMapCoverage:	0.3463089
shortestPathHeadingChanges:	11
minHeadingChanges:	6
