sx:	17
sy:	49
ex:	64
ey:	108
shortestPathLength:	105.102615
straightLineDistance:	75.43209
directness:	1.3933408
distanceCoverage:	0.40561336
minMapCoverage:	0.56515765
shortestPathHeadingChanges:	12
minHeadingChanges:	4
