sx:	18
sy:	46
ex:	60
ey:	3
shortestPathLength:	74.93192
straightLineDistance:	60.108234
directness:	1.2466166
distanceCoverage:	0.32321393
minMapCoverage:	0.40292385
shortestPathHeadingChanges:	9
minHeadingChanges:	4
