sx:	25
sy:	89
ex:	89
ey:	116
shortestPathLength:	128.58557
straightLineDistance:	69.46222
directness:	1.8511584
distanceCoverage:	0.37351218
minMapCoverage:	0.6914302
shortestPathHeadingChanges:	14
minHeadingChanges:	6
