sx:	31
sy:	118
ex:	103
ey:	109
shortestPathLength:	96.60808
straightLineDistance:	72.56032
directness:	1.3314176
distanceCoverage:	0.39017126
minMapCoverage:	0.5194809
shortestPathHeadingChanges:	13
minHeadingChanges:	7
