sx:	34
sy:	55
ex:	81
ey:	105
shortestPathLength:	69.32239
straightLineDistance:	68.622154
directness:	1.0102042
distanceCoverage:	0.36899498
minMapCoverage:	0.37276027
shortestPathHeadingChanges:	4
minHeadingChanges:	3
