sx:	35
sy:	61
ex:	128
ey:	58
shortestPathLength:	105.86728
straightLineDistance:	93.04838
directness:	1.137766
distanceCoverage:	0.5003396
minMapCoverage:	0.5692694
shortestPathHeadingChanges:	11
minHeadingChanges:	6
