sx:	4
sy:	83
ex:	88
ey:	109
shortestPathLength:	122.32007
straightLineDistance:	87.93179
directness:	1.391079
distanceCoverage:	0.47282675
minMapCoverage:	0.65773934
shortestPathHeadingChanges:	13
minHeadingChanges:	5
