sx:	54
sy:	14
ex:	107
ey:	70
shortestPathLength:	104.40736
straightLineDistance:	77.10383
directness:	1.3541138
distanceCoverage:	0.41460264
minMapCoverage:	0.5614191
shortestPathHeadingChanges:	11
minHeadingChanges:	6
