sx:	59
sy:	30
ex:	46
ey:	115
shortestPathLength:	115.97217
straightLineDistance:	85.98837
directness:	1.3486959
distanceCoverage:	0.4623766
minMapCoverage:	0.62360543
shortestPathHeadingChanges:	10
minHeadingChanges:	6
