sx:	60
sy:	83
ex:	90
ey:	38
shortestPathLength:	55.209072
straightLineDistance:	54.08327
directness:	1.0208161
distanceCoverage:	0.29081652
minMapCoverage:	0.29687017
shortestPathHeadingChanges:	4
minHeadingChanges:	3
