sx:	62
sy:	28
ex:	28
ey:	26
shortestPathLength:	65.68034
straightLineDistance:	34.058773
directness:	1.9284413
distanceCoverage:	0.1831408
minMapCoverage:	0.35317627
shortestPathHeadingChanges:	12
minHeadingChanges:	7
