sx:	67
sy:	93
ex:	55
ey:	100
shortestPathLength:	50.05474
straightLineDistance:	13.892444
directness:	3.6030192
distanceCoverage:	0.074702434
minMapCoverage:	0.2691543
shortestPathHeadingChanges:	6
minHeadingChanges:	4
