sx:	68
sy:	100
ex:	36
ey:	56
shortestPathLength:	91.315475
straightLineDistance:	54.405884
directness:	1.6784117
distanceCoverage:	0.29255125
minMapCoverage:	0.49102148
shortestPathHeadingChanges:	11
minHeadingChanges:	5
