sx:	68
sy:	25
ex:	87
ey:	79
shortestPathLength:	82.31325
straightLineDistance:	57.245087
directness:	1.4379094
distanceCoverage:	0.30781823
minMapCoverage:	0.4426147
shortestPathHeadingChanges:	9
minHeadingChanges:	4
