sx:	71
sy:	111
ex:	60
ey:	116
shortestPathLength:	12.083046
straightLineDistance:	12.083046
directness:	1.0
distanceCoverage:	0.064972945
minMapCoverage:	0.064972945
shortestPathHeadingChanges:	2
minHeadingChanges:	2
