sx:	72
sy:	43
ex:	120
ey:	60
shortestPathLength:	73.01288
straightLineDistance:	50.92151
directness:	1.4338318
distanceCoverage:	0.2738151
minMapCoverage:	0.39260477
shortestPathHeadingChanges:	13
minHeadingChanges:	5
