sx:	74
sy:	36
ex:	89
ey:	83
shortestPathLength:	49.694977
straightLineDistance:	49.335587
directness:	1.0072846
distanceCoverage:	0.26528728
minMapCoverage:	0.26721978
shortestPathHeadingChanges:	5
minHeadingChanges:	3
