sx:	77
sy:	22
ex:	81
ey:	59
shortestPathLength:	71.38932
straightLineDistance:	37.215588
directness:	1.9182639
distanceCoverage:	0.20011562
minMapCoverage:	0.3838746
shortestPathHeadingChanges:	10
minHeadingChanges:	6
