sx:	78
sy:	125
ex:	4
ey:	61
shortestPathLength:	115.24337
straightLineDistance:	97.8366
directness:	1.1779168
distanceCoverage:	0.52608687
minMapCoverage:	0.61968654
shortestPathHeadingChanges:	11
minHeadingChanges:	4
