sx:	79
sy:	95
ex:	126
ey:	87
shortestPathLength:	51.55668
straightLineDistance:	47.67599
directness:	1.081397
distanceCoverage:	0.2563633
minMapCoverage:	0.27723053
shortestPathHeadingChanges:	6
minHeadingChanges:	4
