sx:	82
sy:	39
ex:	63
ey:	98
shortestPathLength:	96.71759
straightLineDistance:	61.983868
directness:	1.5603671
distanceCoverage:	0.33329958
minMapCoverage:	0.5200697
shortestPathHeadingChanges:	8
minHeadingChanges:	4
