sx:	83
sy:	104
ex:	81
ey:	4
shortestPathLength:	119.525314
straightLineDistance:	100.02
directness:	1.1950142
distanceCoverage:	0.53782743
minMapCoverage:	0.6427114
shortestPathHeadingChanges:	13
minHeadingChanges:	6
