sx:	83
sy:	36
ex:	30
ey:	123
shortestPathLength:	125.19293
straightLineDistance:	101.87247
directness:	1.2289182
distanceCoverage:	0.5477885
minMapCoverage:	0.6731873
shortestPathHeadingChanges:	8
minHeadingChanges:	5
