sx:	84
sy:	96
ex:	65
ey:	26
shortestPathLength:	98.80363
straightLineDistance:	72.53275
directness:	1.3621932
distanceCoverage:	0.39002305
minMapCoverage:	0.5312868
shortestPathHeadingChanges:	10
minHeadingChanges:	6
