sx:	87
sy:	55
ex:	111
ey:	75
shortestPathLength:	34.208427
straightLineDistance:	31.241
directness:	1.094985
distanceCoverage:	0.16798908
minMapCoverage:	0.18394552
shortestPathHeadingChanges:	6
minHeadingChanges:	3
