sx:	9
sy:	52
ex:	91
ey:	0
shortestPathLength:	107.014015
straightLineDistance:	97.097885
directness:	1.102125
distanceCoverage:	0.52211463
minMapCoverage:	0.57543564
shortestPathHeadingChanges:	13
minHeadingChanges:	6
