sx:	95
sy:	22
ex:	9
ey:	60
shortestPathLength:	106.46254
straightLineDistance:	94.02127
directness:	1.132324
distanceCoverage:	0.50557107
minMapCoverage:	0.57247025
shortestPathHeadingChanges:	9
minHeadingChanges:	6
