sx:	96
sy:	59
ex:	114
ey:	42
shortestPathLength:	61.740536
straightLineDistance:	24.758837
directness:	2.4936767
distanceCoverage:	0.13313319
minMapCoverage:	0.33199114
shortestPathHeadingChanges:	9
minHeadingChanges:	5
