sx:	96
sy:	74
ex:	130
ey:	35
shortestPathLength:	61.93883
straightLineDistance:	51.739735
directness:	1.197123
distanceCoverage:	0.27821484
minMapCoverage:	0.33305743
shortestPathHeadingChanges:	11
minHeadingChanges:	4
