sx:	99
sy:	55
ex:	79
ey:	61
shortestPathLength:	65.15042
straightLineDistance:	20.880613
directness:	3.1201394
distanceCoverage:	0.112279214
minMapCoverage:	0.35032678
shortestPathHeadingChanges:	7
minHeadingChanges:	4
