sx:	112
sy:	236
ex:	180
ey:	203
shortestPathLength:	107.729576
straightLineDistance:	75.58439
directness:	1.4252887
distanceCoverage:	0.17815411
minMapCoverage:	0.25392103
shortestPathHeadingChanges:	22
minHeadingChanges:	15
