sx:	119
sy:	211
ex:	172
ey:	37
shortestPathLength:	268.30447
straightLineDistance:	181.89282
directness:	1.475069
distanceCoverage:	0.42872548
minMapCoverage:	0.63239974
shortestPathHeadingChanges:	69
minHeadingChanges:	37
