sx:	120
sy:	145
ex:	51
ey:	159
shortestPathLength:	78.28984
straightLineDistance:	70.40597
directness:	1.1119773
distanceCoverage:	0.16594845
minMapCoverage:	0.18453093
shortestPathHeadingChanges:	15
minHeadingChanges:	12
