sx:	124
sy:	263
ex:	272
ey:	40
shortestPathLength:	337.67755
straightLineDistance:	267.64343
directness:	1.2616695
distanceCoverage:	0.6308416
minMapCoverage:	0.79591364
shortestPathHeadingChanges:	60
minHeadingChanges:	41
