sx:	125
sy:	282
ex:	108
ey:	124
shortestPathLength:	285.40778
straightLineDistance:	158.91193
directness:	1.7960123
distanceCoverage:	0.37455902
minMapCoverage:	0.67271256
shortestPathHeadingChanges:	42
minHeadingChanges:	31
