sx:	15
sy:	259
ex:	266
ey:	260
shortestPathLength:	292.76602
straightLineDistance:	251.002
directness:	1.1663892
distanceCoverage:	0.5916174
minMapCoverage:	0.69005615
shortestPathHeadingChanges:	58
minHeadingChanges:	34
