sx:	158
sy:	162
ex:	78
ey:	263
shortestPathLength:	166.14789
straightLineDistance:	128.84486
directness:	1.289519
distanceCoverage:	0.30369025
minMapCoverage:	0.39161432
shortestPathHeadingChanges:	42
minHeadingChanges:	30
