sx:	172
sy:	289
ex:	231
ey:	63
shortestPathLength:	281.01083
straightLineDistance:	233.5744
directness:	1.2030891
distanceCoverage:	0.55054015
minMapCoverage:	0.66234887
shortestPathHeadingChanges:	43
minHeadingChanges:	34
