sx:	176
sy:	133
ex:	148
ey:	88
shortestPathLength:	65.39132
straightLineDistance:	53.0
directness:	1.2337985
distanceCoverage:	0.1249222
minMapCoverage:	0.15412882
shortestPathHeadingChanges:	11
minHeadingChanges:	10
