sx:	184
sy:	127
ex:	0
ey:	54
shortestPathLength:	255.37871
straightLineDistance:	197.95201
directness:	1.2901042
distanceCoverage:	0.46657735
minMapCoverage:	0.60193336
shortestPathHeadingChanges:	55
minHeadingChanges:	36
