sx:	185
sy:	278
ex:	135
ey:	156
shortestPathLength:	216.05904
straightLineDistance:	131.8484
directness:	1.6386929
distanceCoverage:	0.31076968
minMapCoverage:	0.509256
shortestPathHeadingChanges:	39
minHeadingChanges:	25
