sx:	199
sy:	257
ex:	107
ey:	79
shortestPathLength:	255.03123
straightLineDistance:	200.36966
directness:	1.2728037
distanceCoverage:	0.47227582
minMapCoverage:	0.6011144
shortestPathHeadingChanges:	47
minHeadingChanges:	28
