sx:	200
sy:	224
ex:	228
ey:	62
shortestPathLength:	214.16222
straightLineDistance:	164.40195
directness:	1.3026744
distanceCoverage:	0.3874991
minMapCoverage:	0.5047852
shortestPathHeadingChanges:	42
minHeadingChanges:	24
