sx:	201
sy:	75
ex:	70
ey:	197
shortestPathLength:	204.77089
straightLineDistance:	179.01117
directness:	1.1439
distanceCoverage:	0.42193338
minMapCoverage:	0.48264962
shortestPathHeadingChanges:	42
minHeadingChanges:	27
