sx:	213
sy:	124
ex:	245
ey:	221
shortestPathLength:	138.37547
straightLineDistance:	102.14206
directness:	1.3547355
distanceCoverage:	0.24075115
minMapCoverage:	0.3261541
shortestPathHeadingChanges:	28
minHeadingChanges:	19
