sx:	217
sy:	271
ex:	199
ey:	194
shortestPathLength:	102.70613
straightLineDistance:	79.07591
directness:	1.2988296
distanceCoverage:	0.18638371
minMapCoverage:	0.24208067
shortestPathHeadingChanges:	23
minHeadingChanges:	19
