sx:	225
sy:	190
ex:	251
ey:	195
shortestPathLength:	57.857693
straightLineDistance:	26.476404
directness:	2.1852548
distanceCoverage:	0.062405482
minMapCoverage:	0.1363719
shortestPathHeadingChanges:	12
minHeadingChanges:	9
