sx:	227
sy:	200
ex:	104
ey:	69
shortestPathLength:	208.98914
straightLineDistance:	179.69418
directness:	1.1630267
distanceCoverage:	0.42354324
minMapCoverage:	0.49259213
shortestPathHeadingChanges:	36
minHeadingChanges:	22
