sx:	229
sy:	278
ex:	58
ey:	212
shortestPathLength:	228.00732
straightLineDistance:	183.29485
directness:	1.2439375
distanceCoverage:	0.43203008
minMapCoverage:	0.5374184
shortestPathHeadingChanges:	45
minHeadingChanges:	31
