sx:	233
sy:	14
ex:	35
ey:	266
shortestPathLength:	413.02615
straightLineDistance:	320.4809
directness:	1.28877
distanceCoverage:	0.7553807
minMapCoverage:	0.973512
shortestPathHeadingChanges:	93
minHeadingChanges:	49
