sx:	241
sy:	233
ex:	229
ey:	107
shortestPathLength:	144.8253
straightLineDistance:	126.57014
directness:	1.1442297
distanceCoverage:	0.29832867
minMapCoverage:	0.34135652
shortestPathHeadingChanges:	29
minHeadingChanges:	21
