sx:	243
sy:	72
ex:	180
ey:	155
shortestPathLength:	139.4194
straightLineDistance:	104.20173
directness:	1.3379759
distanceCoverage:	0.24560583
minMapCoverage:	0.32861468
shortestPathHeadingChanges:	29
minHeadingChanges:	20
