sx:	282
sy:	162
ex:	24
ey:	281
shortestPathLength:	326.44522
straightLineDistance:	284.12146
directness:	1.1489636
distanceCoverage:	0.6696807
minMapCoverage:	0.76943874
shortestPathHeadingChanges:	61
minHeadingChanges:	36
