sx:	283
sy:	197
ex:	132
ey:	89
shortestPathLength:	236.4732
straightLineDistance:	185.64752
directness:	1.2737752
distanceCoverage:	0.4375754
minMapCoverage:	0.5573727
shortestPathHeadingChanges:	42
minHeadingChanges:	28
