sx:	287
sy:	124
ex:	192
ey:	229
shortestPathLength:	199.6657
straightLineDistance:	141.59802
directness:	1.4100882
distanceCoverage:	0.33374974
minMapCoverage:	0.47061655
shortestPathHeadingChanges:	41
minHeadingChanges:	27
