sx:	288
sy:	197
ex:	61
ey:	237
shortestPathLength:	284.17587
straightLineDistance:	230.49728
directness:	1.2328817
distanceCoverage:	0.54328734
minMapCoverage:	0.669809
shortestPathHeadingChanges:	57
minHeadingChanges:	33
