sx:	292
sy:	167
ex:	74
ey:	117
shortestPathLength:	266.07626
straightLineDistance:	223.66046
directness:	1.1896437
distanceCoverage:	0.52717274
minMapCoverage:	0.6271478
shortestPathHeadingChanges:	46
minHeadingChanges:	30
