sx:	299
sy:	44
ex:	296
ey:	39
shortestPathLength:	6.064495
straightLineDistance:	5.8309517
directness:	1.0400524
distanceCoverage:	0.013743685
minMapCoverage:	0.014294152
shortestPathHeadingChanges:	4
minHeadingChanges:	3
