sx:	33
sy:	8
ex:	245
ey:	116
shortestPathLength:	300.26678
straightLineDistance:	237.92436
directness:	1.2620262
distanceCoverage:	0.5607931
minMapCoverage:	0.7077356
shortestPathHeadingChanges:	60
minHeadingChanges:	36
