sx:	36
sy:	176
ex:	158
ey:	11
shortestPathLength:	240.53899
straightLineDistance:	205.20477
directness:	1.1721901
distanceCoverage:	0.4836723
minMapCoverage:	0.5669558
shortestPathHeadingChanges:	46
minHeadingChanges:	27
