sx:	38
sy:	157
ex:	281
ey:	60
shortestPathLength:	304.05252
straightLineDistance:	261.6448
directness:	1.1620812
distanceCoverage:	0.61670274
minMapCoverage:	0.71665865
shortestPathHeadingChanges:	62
minHeadingChanges:	39
