sx:	41
sy:	106
ex:	171
ey:	62
shortestPathLength:	189.12288
straightLineDistance:	137.24431
directness:	1.3780016
distanceCoverage:	0.32348794
minMapCoverage:	0.4457669
shortestPathHeadingChanges:	38
minHeadingChanges:	19
