sx:	51
sy:	179
ex:	244
ey:	108
shortestPathLength:	233.97096
straightLineDistance:	205.64532
directness:	1.1377403
distanceCoverage:	0.4847107
minMapCoverage:	0.55147487
shortestPathHeadingChanges:	42
minHeadingChanges:	30
