sx:	52
sy:	15
ex:	137
ey:	81
shortestPathLength:	159.83641
straightLineDistance:	107.61505
directness:	1.4852607
distanceCoverage:	0.2536511
minMapCoverage:	0.37673804
shortestPathHeadingChanges:	34
minHeadingChanges:	21
