sx:	55
sy:	275
ex:	171
ey:	230
shortestPathLength:	145.14392
straightLineDistance:	124.42267
directness:	1.1665392
distanceCoverage:	0.29326704
minMapCoverage:	0.3421075
shortestPathHeadingChanges:	29
minHeadingChanges:	17
