sx:	55
sy:	96
ex:	62
ey:	104
shortestPathLength:	16.048628
straightLineDistance:	10.630146
directness:	1.5097278
distanceCoverage:	0.025055494
minMapCoverage:	0.037826978
shortestPathHeadingChanges:	7
minHeadingChanges:	6
