sx:	57
sy:	168
ex:	93
ey:	123
shortestPathLength:	64.3514
straightLineDistance:	57.628117
directness:	1.1166668
distanceCoverage:	0.13583077
minMapCoverage:	0.15167771
shortestPathHeadingChanges:	13
minHeadingChanges:	10
