sx:	60
sy:	83
ex:	28
ey:	205
shortestPathLength:	158.5707
straightLineDistance:	126.12692
directness:	1.2572311
distanceCoverage:	0.297284
minMapCoverage:	0.3737547
shortestPathHeadingChanges:	40
minHeadingChanges:	24
