sx:	65
sy:	253
ex:	12
ey:	213
shortestPathLength:	96.80779
straightLineDistance:	66.4003
directness:	1.4579421
distanceCoverage:	0.156507
minMapCoverage:	0.22817816
shortestPathHeadingChanges:	24
minHeadingChanges:	12
