sx:	72
sy:	208
ex:	65
ey:	216
shortestPathLength:	15.2426405
straightLineDistance:	10.630146
directness:	1.4339069
distanceCoverage:	0.025055494
minMapCoverage:	0.035927247
shortestPathHeadingChanges:	8
minHeadingChanges:	6
