sx:	74
sy:	23
ex:	43
ey:	139
shortestPathLength:	175.0751
straightLineDistance:	120.070816
directness:	1.4580988
distanceCoverage:	0.28300962
minMapCoverage:	0.41265598
shortestPathHeadingChanges:	36
minHeadingChanges:	26
