sx:	78
sy:	222
ex:	76
ey:	219
shortestPathLength:	3.6055512
straightLineDistance:	3.6055512
directness:	1.0
distanceCoverage:	0.008498366
minMapCoverage:	0.008498366
shortestPathHeadingChanges:	2
minHeadingChanges:	2
