sx:	82
sy:	60
ex:	98
ey:	223
shortestPathLength:	203.48965
straightLineDistance:	163.78339
directness:	1.2424316
distanceCoverage:	0.38604113
minMapCoverage:	0.47962973
shortestPathHeadingChanges:	48
minHeadingChanges:	33
