sx:	88
sy:	10
ex:	48
ey:	44
shortestPathLength:	61.182976
straightLineDistance:	52.49762
directness:	1.1654428
distanceCoverage:	0.12373807
minMapCoverage:	0.14420965
shortestPathHeadingChanges:	11
minHeadingChanges:	9
