sx:	92
sy:	298
ex:	192
ey:	223
shortestPathLength:	171.67169
straightLineDistance:	125.0
directness:	1.3733735
distanceCoverage:	0.29462782
minMapCoverage:	0.40463406
shortestPathHeadingChanges:	35
minHeadingChanges:	22
