sx:	95
sy:	203
ex:	79
ey:	134
shortestPathLength:	171.94995
straightLineDistance:	70.83079
directness:	2.427616
distanceCoverage:	0.16694976
minMapCoverage:	0.40528992
shortestPathHeadingChanges:	38
minHeadingChanges:	26
