sx:	97
sy:	258
ex:	197
ey:	90
shortestPathLength:	241.44522
straightLineDistance:	195.5096
directness:	1.2349533
distanceCoverage:	0.46082056
minMapCoverage:	0.56909186
shortestPathHeadingChanges:	55
minHeadingChanges:	27
