sx:	105
sy:	256
ex:	51
ey:	11
shortestPathLength:	252.34665
straightLineDistance:	250.88045
directness:	1.0058442
distanceCoverage:	0.5913309
minMapCoverage:	0.59478676
shortestPathHeadingChanges:	24
minHeadingChanges:	12
