sx:	108
sy:	58
ex:	26
ey:	176
shortestPathLength:	146.9109
straightLineDistance:	143.69412
directness:	1.0223863
distanceCoverage:	0.33869028
minMapCoverage:	0.34627232
shortestPathHeadingChanges:	17
minHeadingChanges:	8
