sx:	11
sy:	149
ex:	166
ey:	283
shortestPathLength:	208.10828
straightLineDistance:	204.89265
directness:	1.0156941
distanceCoverage:	0.48293662
minMapCoverage:	0.49051592
shortestPathHeadingChanges:	29
minHeadingChanges:	9
