sx:	11
sy:	254
ex:	220
ey:	259
shortestPathLength:	212.3435
straightLineDistance:	209.0598
directness:	1.015707
distanceCoverage:	0.49275866
minMapCoverage:	0.5004984
shortestPathHeadingChanges:	21
minHeadingChanges:	11
