sx:	111
sy:	293
ex:	159
ey:	122
shortestPathLength:	180.6538
straightLineDistance:	177.60912
directness:	1.0171425
distanceCoverage:	0.4186287
minMapCoverage:	0.42580506
shortestPathHeadingChanges:	19
minHeadingChanges:	9
