sx:	115
sy:	36
ex:	32
ey:	212
shortestPathLength:	198.86475
straightLineDistance:	194.58931
directness:	1.0219716
distanceCoverage:	0.4586514
minMapCoverage:	0.4687287
shortestPathHeadingChanges:	27
minHeadingChanges:	8
