sx:	128
sy:	146
ex:	132
ey:	16
shortestPathLength:	131.058
straightLineDistance:	130.06152
directness:	1.0076616
distanceCoverage:	0.30655795
minMapCoverage:	0.30890667
shortestPathHeadingChanges:	14
minHeadingChanges:	7
