sx:	129
sy:	154
ex:	291
ey:	50
shortestPathLength:	196.34648
straightLineDistance:	192.50974
directness:	1.0199301
distanceCoverage:	0.4537498
minMapCoverage:	0.46279308
shortestPathHeadingChanges:	21
minHeadingChanges:	10
