sx:	140
sy:	29
ex:	282
ey:	116
shortestPathLength:	171.78067
straightLineDistance:	166.53227
directness:	1.0315158
distanceCoverage:	0.39252034
minMapCoverage:	0.40489092
shortestPathHeadingChanges:	21
minHeadingChanges:	9
