sx:	141
sy:	163
ex:	156
ey:	160
shortestPathLength:	15.379941
straightLineDistance:	15.297058
directness:	1.0054182
distanceCoverage:	0.036055513
minMapCoverage:	0.036250867
shortestPathHeadingChanges:	3
minHeadingChanges:	3
