sx:	15
sy:	69
ex:	212
ey:	17
shortestPathLength:	208.98492
straightLineDistance:	203.74739
directness:	1.025706
distanceCoverage:	0.48023722
minMapCoverage:	0.4925822
shortestPathHeadingChanges:	25
minHeadingChanges:	9
