sx:	159
sy:	203
ex:	112
ey:	10
shortestPathLength:	201.16913
straightLineDistance:	198.64038
directness:	1.0127302
distanceCoverage:	0.46819988
minMapCoverage:	0.4741602
shortestPathHeadingChanges:	23
minHeadingChanges:	9
