sx:	168
sy:	249
ex:	179
ey:	178
shortestPathLength:	74.09286
straightLineDistance:	71.84706
directness:	1.031258
distanceCoverage:	0.16934514
minMapCoverage:	0.17463854
shortestPathHeadingChanges:	11
minHeadingChanges:	6
