sx:	17
sy:	133
ex:	245
ey:	104
shortestPathLength:	232.15085
straightLineDistance:	229.8369
directness:	1.0100678
distanceCoverage:	0.54173076
minMapCoverage:	0.5471848
shortestPathHeadingChanges:	24
minHeadingChanges:	11
