sx:	171
sy:	204
ex:	207
ey:	92
shortestPathLength:	119.838104
straightLineDistance:	117.64353
directness:	1.0186545
distanceCoverage:	0.27728847
minMapCoverage:	0.2824611
shortestPathHeadingChanges:	17
minHeadingChanges:	7
