sx:	175
sy:	52
ex:	149
ey:	156
shortestPathLength:	111.4086
straightLineDistance:	107.200745
directness:	1.0392522
distanceCoverage:	0.25267458
minMapCoverage:	0.26259258
shortestPathHeadingChanges:	18
minHeadingChanges:	7
