sx:	197
sy:	167
ex:	169
ey:	106
shortestPathLength:	68.411865
straightLineDistance:	67.11929
directness:	1.0192578
distanceCoverage:	0.1582017
minMapCoverage:	0.16124831
shortestPathHeadingChanges:	10
minHeadingChanges:	5
