sx:	208
sy:	209
ex:	132
ey:	272
shortestPathLength:	101.4622
straightLineDistance:	98.71677
directness:	1.0278112
distanceCoverage:	0.23267765
minMapCoverage:	0.23914869
shortestPathHeadingChanges:	13
minHeadingChanges:	6
