sx:	21
sy:	214
ex:	161
ey:	189
shortestPathLength:	144.67441
straightLineDistance:	142.21463
directness:	1.0172962
distanceCoverage:	0.3352031
minMapCoverage:	0.34100085
shortestPathHeadingChanges:	13
minHeadingChanges:	6
