sx:	210
sy:	8
ex:	259
ey:	20
shortestPathLength:	50.542053
straightLineDistance:	50.447994
directness:	1.0018644
distanceCoverage:	0.118907064
minMapCoverage:	0.11912876
shortestPathHeadingChanges:	4
minHeadingChanges:	4
