sx:	212
sy:	186
ex:	203
ey:	35
shortestPathLength:	151.78673
straightLineDistance:	151.26797
directness:	1.0034294
distanceCoverage:	0.35654205
minMapCoverage:	0.35776475
shortestPathHeadingChanges:	7
minHeadingChanges:	7
