sx:	215
sy:	128
ex:	242
ey:	218
shortestPathLength:	94.79303
straightLineDistance:	93.96276
directness:	1.0088362
distanceCoverage:	0.22147235
minMapCoverage:	0.2234293
shortestPathHeadingChanges:	11
minHeadingChanges:	6
