sx:	217
sy:	60
ex:	212
ey:	190
shortestPathLength:	134.0868
straightLineDistance:	130.09612
directness:	1.0306749
distanceCoverage:	0.3066395
minMapCoverage:	0.31604564
shortestPathHeadingChanges:	11
minHeadingChanges:	7
