sx:	218
sy:	193
ex:	179
ey:	157
shortestPathLength:	53.92223
straightLineDistance:	53.075417
directness:	1.0159549
distanceCoverage:	0.12509996
minMapCoverage:	0.12709591
shortestPathHeadingChanges:	7
minHeadingChanges:	4
