sx:	219
sy:	93
ex:	13
ey:	149
shortestPathLength:	217.33533
straightLineDistance:	213.476
directness:	1.0180786
distanceCoverage:	0.50316775
minMapCoverage:	0.51226425
shortestPathHeadingChanges:	25
minHeadingChanges:	9
