sx:	222
sy:	182
ex:	148
ey:	241
shortestPathLength:	95.59227
straightLineDistance:	94.641426
directness:	1.0100468
distanceCoverage:	0.22307198
minMapCoverage:	0.22531314
shortestPathHeadingChanges:	8
minHeadingChanges:	5
