sx:	229
sy:	246
ex:	276
ey:	137
shortestPathLength:	120.60928
straightLineDistance:	118.70131
directness:	1.0160737
distanceCoverage:	0.27978167
minMapCoverage:	0.2842788
shortestPathHeadingChanges:	13
minHeadingChanges:	7
