sx:	235
sy:	57
ex:	250
ey:	5
shortestPathLength:	55.067047
straightLineDistance:	54.120235
directness:	1.0174946
distanceCoverage:	0.12756261
minMapCoverage:	0.12979427
shortestPathHeadingChanges:	9
minHeadingChanges:	4
