sx:	240
sy:	289
ex:	243
ey:	56
shortestPathLength:	237.39836
straightLineDistance:	233.01932
directness:	1.0187926
distanceCoverage:	0.5492318
minMapCoverage:	0.5595533
shortestPathHeadingChanges:	20
minHeadingChanges:	10
