sx:	256
sy:	103
ex:	188
ey:	125
shortestPathLength:	72.991035
straightLineDistance:	71.470276
directness:	1.0212783
distanceCoverage:	0.16845706
minMapCoverage:	0.17204152
shortestPathHeadingChanges:	12
minHeadingChanges:	5
