sx:	279
sy:	49
ex:	219
ey:	212
shortestPathLength:	178.0262
straightLineDistance:	173.69226
directness:	1.0249518
distanceCoverage:	0.4093966
minMapCoverage:	0.41961178
shortestPathHeadingChanges:	21
minHeadingChanges:	8
