sx:	28
sy:	68
ex:	179
ey:	166
shortestPathLength:	184.17241
straightLineDistance:	180.01389
directness:	1.0231011
distanceCoverage:	0.4242968
minMapCoverage:	0.43409854
shortestPathHeadingChanges:	29
minHeadingChanges:	9
