sx:	289
sy:	98
ex:	205
ey:	295
shortestPathLength:	217.999
straightLineDistance:	214.16115
directness:	1.0179204
distanceCoverage:	0.5047827
minMapCoverage:	0.5138286
shortestPathHeadingChanges:	24
minHeadingChanges:	11
