sx:	297
sy:	212
ex:	112
ey:	114
shortestPathLength:	213.17152
straightLineDistance:	209.35378
directness:	1.0182359
distanceCoverage:	0.49345157
minMapCoverage:	0.5024501
shortestPathHeadingChanges:	28
minHeadingChanges:	10
