sx:	31
sy:	195
ex:	288
ey:	51
shortestPathLength:	301.49393
straightLineDistance:	294.59293
directness:	1.0234256
distanceCoverage:	0.69436216
minMapCoverage:	0.710628
shortestPathHeadingChanges:	36
minHeadingChanges:	13
