sx:	36
sy:	31
ex:	192
ey:	18
shortestPathLength:	162.37805
straightLineDistance:	156.54073
directness:	1.0372895
distanceCoverage:	0.36897004
minMapCoverage:	0.38272873
shortestPathHeadingChanges:	22
minHeadingChanges:	9
