sx:	37
sy:	103
ex:	279
ey:	147
shortestPathLength:	249.48161
straightLineDistance:	245.96748
directness:	1.014287
distanceCoverage:	0.5797509
minMapCoverage:	0.5880338
shortestPathHeadingChanges:	15
minHeadingChanges:	10
