sx:	38
sy:	152
ex:	249
ey:	202
shortestPathLength:	219.83902
straightLineDistance:	216.84326
directness:	1.0138153
distanceCoverage:	0.51110446
minMapCoverage:	0.5181655
shortestPathHeadingChanges:	22
minHeadingChanges:	10
