sx:	41
sy:	183
ex:	47
ey:	213
shortestPathLength:	32.4418
straightLineDistance:	30.594116
directness:	1.0603935
distanceCoverage:	0.072111025
minMapCoverage:	0.07646605
shortestPathHeadingChanges:	5
minHeadingChanges:	4
