sx:	42
sy:	148
ex:	87
ey:	233
shortestPathLength:	97.73905
straightLineDistance:	96.17692
directness:	1.0162423
distanceCoverage:	0.22669117
minMapCoverage:	0.23037316
shortestPathHeadingChanges:	13
minHeadingChanges:	5
