sx:	50
sy:	86
ex:	156
ey:	208
shortestPathLength:	166.9788
straightLineDistance:	161.61684
directness:	1.033177
distanceCoverage:	0.38093454
minMapCoverage:	0.3935728
shortestPathHeadingChanges:	23
minHeadingChanges:	9
