sx:	51
sy:	52
ex:	264
ey:	252
shortestPathLength:	298.10352
straightLineDistance:	292.17975
directness:	1.0202744
distanceCoverage:	0.6886743
minMapCoverage:	0.7026367
shortestPathHeadingChanges:	41
minHeadingChanges:	13
