sx:	8
sy:	22
ex:	60
ey:	183
shortestPathLength:	175.70905
straightLineDistance:	169.18924
directness:	1.0385356
distanceCoverage:	0.39878285
minMapCoverage:	0.41415018
shortestPathHeadingChanges:	22
minHeadingChanges:	10
