sx:	87
sy:	110
ex:	14
ey:	39
shortestPathLength:	106.283394
straightLineDistance:	101.8332
directness:	1.0437008
distanceCoverage:	0.24002315
minMapCoverage:	0.25051236
shortestPathHeadingChanges:	14
minHeadingChanges:	6
