sx:	92
sy:	123
ex:	179
ey:	17
shortestPathLength:	140.56189
straightLineDistance:	137.13132
directness:	1.0250167
distanceCoverage:	0.32322162
minMapCoverage:	0.33130756
shortestPathHeadingChanges:	17
minHeadingChanges:	8
