sx:	93
sy:	10
ex:	61
ey:	237
shortestPathLength:	235.40251
straightLineDistance:	229.24442
directness:	1.0268626
distanceCoverage:	0.5403343
minMapCoverage:	0.554849
shortestPathHeadingChanges:	31
minHeadingChanges:	12
