sx:	94
sy:	68
ex:	17
ey:	31
shortestPathLength:	88.52208
straightLineDistance:	85.42833
directness:	1.0362146
distanceCoverage:	0.2013565
minMapCoverage:	0.20864855
shortestPathHeadingChanges:	12
minHeadingChanges:	7
