sx:	98
sy:	234
ex:	6
ey:	179
shortestPathLength:	108.86408
straightLineDistance:	107.18675
directness:	1.0156487
distanceCoverage:	0.2526416
minMapCoverage:	0.2565951
shortestPathHeadingChanges:	11
minHeadingChanges:	5
