sx:	98
sy:	93
ex:	87
ey:	122
shortestPathLength:	33.189217
straightLineDistance:	31.016125
directness:	1.0700634
distanceCoverage:	0.07310571
minMapCoverage:	0.078227736
shortestPathHeadingChanges:	7
minHeadingChanges:	6
