sx:	12
sy:	69
ex:	99
ey:	87
shortestPathLength:	89.52776
straightLineDistance:	88.84256
directness:	1.0077126
distanceCoverage:	0.62821174
minMapCoverage:	0.6330569
shortestPathHeadingChanges:	5
minHeadingChanges:	3
