sx:	18
sy:	43
ex:	42
ey:	38
shortestPathLength:	24.61958
straightLineDistance:	24.5153
directness:	1.0042536
distanceCoverage:	0.17334935
minMapCoverage:	0.17408672
shortestPathHeadingChanges:	3
minHeadingChanges:	3
