sx:	20
sy:	57
ex:	99
ey:	22
shortestPathLength:	87.416435
straightLineDistance:	86.40602
directness:	1.0116938
distanceCoverage:	0.61098284
minMapCoverage:	0.6181275
shortestPathHeadingChanges:	6
minHeadingChanges:	4
