sx:	24
sy:	27
ex:	65
ey:	9
shortestPathLength:	45.30468
straightLineDistance:	44.777225
directness:	1.0117795
distanceCoverage:	0.3166228
minMapCoverage:	0.32035246
shortestPathHeadingChanges:	4
minHeadingChanges:	3
