sx:	25
sy:	82
ex:	65
ey:	80
shortestPathLength:	40.104973
straightLineDistance:	40.04997
directness:	1.0013734
distanceCoverage:	0.28319603
minMapCoverage:	0.28358498
shortestPathHeadingChanges:	3
minHeadingChanges:	3
