sx:	29
sy:	68
ex:	54
ey:	65
shortestPathLength:	25.643557
straightLineDistance:	25.179358
directness:	1.0184357
distanceCoverage:	0.17804495
minMapCoverage:	0.18132733
shortestPathHeadingChanges:	6
minHeadingChanges:	3
