sx:	31
sy:	51
ex:	96
ey:	11
shortestPathLength:	76.53235
straightLineDistance:	76.321686
directness:	1.0027602
distanceCoverage:	0.53967583
minMapCoverage:	0.5411654
shortestPathHeadingChanges:	6
minHeadingChanges:	3
