sx:	34
sy:	27
ex:	15
ey:	22
shortestPathLength:	19.736341
straightLineDistance:	19.646883
directness:	1.0045533
distanceCoverage:	0.13892443
minMapCoverage:	0.139557
shortestPathHeadingChanges:	4
minHeadingChanges:	3
