sx:	38
sy:	4
ex:	22
ey:	79
shortestPathLength:	76.705666
straightLineDistance:	76.687675
directness:	1.0002346
distanceCoverage:	0.54226375
minMapCoverage:	0.54239094
shortestPathHeadingChanges:	4
minHeadingChanges:	3
