sx:	42
sy:	68
ex:	26
ey:	55
shortestPathLength:	20.620499
straightLineDistance:	20.615528
directness:	1.0002412
distanceCoverage:	0.1457738
minMapCoverage:	0.14580895
shortestPathHeadingChanges:	3
minHeadingChanges:	3
