sx:	44
sy:	1
ex:	19
ey:	62
shortestPathLength:	66.158936
straightLineDistance:	65.9242
directness:	1.0035607
distanceCoverage:	0.46615452
minMapCoverage:	0.46781433
shortestPathHeadingChanges:	5
minHeadingChanges:	3
