sx:	45
sy:	20
ex:	90
ey:	3
shortestPathLength:	48.268387
straightLineDistance:	48.104053
directness:	1.0034162
distanceCoverage:	0.34014702
minMapCoverage:	0.34130904
shortestPathHeadingChanges:	6
minHeadingChanges:	3
