sx:	47
sy:	84
ex:	60
ey:	24
shortestPathLength:	61.436657
straightLineDistance:	61.39218
directness:	1.0007244
distanceCoverage:	0.4341083
minMapCoverage:	0.43442276
shortestPathHeadingChanges:	3
minHeadingChanges:	3
