sx:	49
sy:	55
ex:	89
ey:	72
shortestPathLength:	43.472374
straightLineDistance:	43.462627
directness:	1.0002242
distanceCoverage:	0.30732718
minMapCoverage:	0.3073961
shortestPathHeadingChanges:	3
minHeadingChanges:	3
