sx:	50
sy:	16
ex:	72
ey:	45
shortestPathLength:	36.429153
straightLineDistance:	36.40055
directness:	1.0007858
distanceCoverage:	0.25739077
minMapCoverage:	0.257593
shortestPathHeadingChanges:	3
minHeadingChanges:	3
