sx:	50
sy:	61
ex:	100
ey:	34
shortestPathLength:	56.919136
straightLineDistance:	56.82429
directness:	1.001669
distanceCoverage:	0.4018084
minMapCoverage:	0.40247908
shortestPathHeadingChanges:	4
minHeadingChanges:	3
