sx:	51
sy:	44
ex:	31
ey:	3
shortestPathLength:	45.923656
straightLineDistance:	45.617977
directness:	1.0067009
distanceCoverage:	0.32256782
minMapCoverage:	0.3247293
shortestPathHeadingChanges:	4
minHeadingChanges:	3
