sx:	60
sy:	100
ex:	87
ey:	52
shortestPathLength:	55.228817
straightLineDistance:	55.072678
directness:	1.0028352
distanceCoverage:	0.38942263
minMapCoverage:	0.3905267
shortestPathHeadingChanges:	5
minHeadingChanges:	3
