sx:	62
sy:	82
ex:	59
ey:	0
shortestPathLength:	83.185646
straightLineDistance:	82.05486
directness:	1.0137808
distanceCoverage:	0.5802155
minMapCoverage:	0.58821136
shortestPathHeadingChanges:	4
minHeadingChanges:	3
