sx:	66
sy:	57
ex:	76
ey:	58
shortestPathLength:	10.486834
straightLineDistance:	10.049875
directness:	1.043479
distanceCoverage:	0.07106335
minMapCoverage:	0.07415311
shortestPathHeadingChanges:	4
minHeadingChanges:	3
