sx:	67
sy:	0
ex:	14
ey:	34
shortestPathLength:	63.209602
straightLineDistance:	62.968246
directness:	1.0038329
distanceCoverage:	0.44525275
minMapCoverage:	0.44695938
shortestPathHeadingChanges:	5
minHeadingChanges:	3
