sx:	70
sy:	36
ex:	44
ey:	91
shortestPathLength:	60.859764
straightLineDistance:	60.835846
directness:	1.0003932
distanceCoverage:	0.43017438
minMapCoverage:	0.4303435
shortestPathHeadingChanges:	3
minHeadingChanges:	3
