sx:	73
sy:	89
ex:	21
ey:	96
shortestPathLength:	52.507816
straightLineDistance:	52.46904
directness:	1.000739
distanceCoverage:	0.37101215
minMapCoverage:	0.37128633
shortestPathHeadingChanges:	4
minHeadingChanges:	3
