sx:	76
sy:	15
ex:	12
ey:	100
shortestPathLength:	106.92142
straightLineDistance:	106.400185
directness:	1.0048988
distanceCoverage:	0.7523629
minMapCoverage:	0.7560486
shortestPathHeadingChanges:	7
minHeadingChanges:	3
