sx:	78
sy:	72
ex:	53
ey:	70
shortestPathLength:	26.28188
straightLineDistance:	25.079872
directness:	1.0479271
distanceCoverage:	0.17734148
minMapCoverage:	0.18584095
shortestPathHeadingChanges:	6
minHeadingChanges:	3
