sx:	79
sy:	28
ex:	94
ey:	61
shortestPathLength:	36.41979
straightLineDistance:	36.249138
directness:	1.0047077
distanceCoverage:	0.25632012
minMapCoverage:	0.2575268
shortestPathHeadingChanges:	5
minHeadingChanges:	3
