sx:	81
sy:	19
ex:	33
ey:	72
shortestPathLength:	71.763084
straightLineDistance:	71.50524
directness:	1.003606
distanceCoverage:	0.5056184
minMapCoverage:	0.50744164
shortestPathHeadingChanges:	6
minHeadingChanges:	4
