sx:	81
sy:	26
ex:	67
ey:	4
shortestPathLength:	27.935371
straightLineDistance:	26.076809
directness:	1.0712726
distanceCoverage:	0.18439089
minMapCoverage:	0.1975329
shortestPathHeadingChanges:	5
minHeadingChanges:	3
