sx:	82
sy:	40
ex:	24
ey:	79
shortestPathLength:	70.02923
straightLineDistance:	69.89278
directness:	1.0019523
distanceCoverage:	0.49421656
minMapCoverage:	0.4951814
shortestPathHeadingChanges:	5
minHeadingChanges:	3
