sx:	87
sy:	37
ex:	96
ey:	4
shortestPathLength:	34.25169
straightLineDistance:	34.20526
directness:	1.0013573
distanceCoverage:	0.24186772
minMapCoverage:	0.24219602
shortestPathHeadingChanges:	3
minHeadingChanges:	3
