sx:	91
sy:	89
ex:	20
ey:	85
shortestPathLength:	71.23801
straightLineDistance:	71.11259
directness:	1.0017637
distanceCoverage:	0.50284195
minMapCoverage:	0.50372875
shortestPathHeadingChanges:	6
minHeadingChanges:	3
