sx:	96
sy:	70
ex:	5
ey:	11
shortestPathLength:	109.239586
straightLineDistance:	108.45275
directness:	1.0072551
distanceCoverage:	0.76687676
minMapCoverage:	0.7724405
shortestPathHeadingChanges:	8
minHeadingChanges:	4
