sx:	96
sy:	89
ex:	83
ey:	22
shortestPathLength:	68.53737
straightLineDistance:	68.24954
directness:	1.0042173
distanceCoverage:	0.48259714
minMapCoverage:	0.48463237
shortestPathHeadingChanges:	6
minHeadingChanges:	4
