sx:	0
sy:	12
ex:	6
ey:	2
shortestPathLength:	12.890934
straightLineDistance:	11.661903
directness:	1.1053885
distanceCoverage:	0.41231054
minMapCoverage:	0.45576334
shortestPathHeadingChanges:	5
minHeadingChanges:	3
