sx:	0
sy:	18
ex:	12
ey:	15
shortestPathLength:	12.534393
straightLineDistance:	12.369317
directness:	1.0133456
distanceCoverage:	0.4373214
minMapCoverage:	0.44315773
shortestPathHeadingChanges:	3
minHeadingChanges:	3
