sx:	1
sy:	10
ex:	14
ey:	9
shortestPathLength:	17.866978
straightLineDistance:	13.038404
directness:	1.3703346
distanceCoverage:	0.4609772
minMapCoverage:	0.63169307
shortestPathHeadingChanges:	5
minHeadingChanges:	4
