sx:	1
sy:	5
ex:	5
ey:	16
shortestPathLength:	14.082763
straightLineDistance:	11.7046995
directness:	1.2031716
distanceCoverage:	0.41382363
minMapCoverage:	0.49790084
shortestPathHeadingChanges:	4
minHeadingChanges:	3
