sx:	11
sy:	10
ex:	18
ey:	2
shortestPathLength:	11.807223
straightLineDistance:	10.630146
directness:	1.1107302
distanceCoverage:	0.3758324
minMapCoverage:	0.41744837
shortestPathHeadingChanges:	3
minHeadingChanges:	3
