sx:	12
sy:	14
ex:	18
ey:	18
shortestPathLength:	7.8416195
straightLineDistance:	7.2111025
directness:	1.087437
distanceCoverage:	0.25495097
minMapCoverage:	0.2772431
shortestPathHeadingChanges:	4
minHeadingChanges:	4
