sx:	13
sy:	19
ex:	19
ey:	12
shortestPathLength:	9.596256
straightLineDistance:	9.219544
directness:	1.0408602
distanceCoverage:	0.32596013
minMapCoverage:	0.3392789
shortestPathHeadingChanges:	4
minHeadingChanges:	3
