sx:	14
sy:	15
ex:	12
ey:	11
shortestPathLength:	4.5764914
straightLineDistance:	4.472136
directness:	1.0233345
distanceCoverage:	0.15811388
minMapCoverage:	0.16180341
shortestPathHeadingChanges:	3
minHeadingChanges:	3
