sx:	16
sy:	0
ex:	8
ey:	12
shortestPathLength:	14.465382
straightLineDistance:	14.422205
directness:	1.0029937
distanceCoverage:	0.50990194
minMapCoverage:	0.5114285
shortestPathHeadingChanges:	3
minHeadingChanges:	3
