sx:	16
sy:	7
ex:	2
ey:	16
shortestPathLength:	17.978931
straightLineDistance:	16.643316
directness:	1.0802493
distanceCoverage:	0.5884301
minMapCoverage:	0.63565123
shortestPathHeadingChanges:	4
minHeadingChanges:	4
