sx:	17
sy:	1
ex:	15
ey:	14
shortestPathLength:	13.280109
straightLineDistance:	13.152946
directness:	1.009668
distanceCoverage:	0.4650269
minMapCoverage:	0.46952277
shortestPathHeadingChanges:	3
minHeadingChanges:	3
