sx:	18
sy:	14
ex:	6
ey:	11
shortestPathLength:	13.335087
straightLineDistance:	12.369317
directness:	1.0780779
distanceCoverage:	0.4373214
minMapCoverage:	0.4714665
shortestPathHeadingChanges:	5
minHeadingChanges:	4
