sx:	19
sy:	17
ex:	8
ey:	16
shortestPathLength:	11.88635
straightLineDistance:	11.045361
directness:	1.0761396
distanceCoverage:	0.39051247
minMapCoverage:	0.42024592
shortestPathHeadingChanges:	6
minHeadingChanges:	6
