sx:	19
sy:	3
ex:	12
ey:	9
shortestPathLength:	11.385164
straightLineDistance:	9.219544
directness:	1.2348944
distanceCoverage:	0.32596013
minMapCoverage:	0.40252635
shortestPathHeadingChanges:	4
minHeadingChanges:	3
