sx:	4
sy:	15
ex:	13
ey:	11
shortestPathLength:	16.486832
straightLineDistance:	9.848858
directness:	1.6739842
distanceCoverage:	0.3482097
minMapCoverage:	0.58289754
shortestPathHeadingChanges:	6
minHeadingChanges:	5
