sx:	5
sy:	16
ex:	4
ey:	4
shortestPathLength:	13.198039
straightLineDistance:	12.0415945
directness:	1.0960375
distanceCoverage:	0.42573467
minMapCoverage:	0.46662116
shortestPathHeadingChanges:	4
minHeadingChanges:	3
