sx:	9
sy:	15
ex:	12
ey:	5
shortestPathLength:	11.291453
straightLineDistance:	10.440307
directness:	1.0815251
distanceCoverage:	0.36912057
minMapCoverage:	0.39921317
shortestPathHeadingChanges:	3
minHeadingChanges:	3
