sx:	9
sy:	17
ex:	18
ey:	9
shortestPathLength:	12.234076
straightLineDistance:	12.0415945
directness:	1.0159847
distanceCoverage:	0.42573467
minMapCoverage:	0.43253988
shortestPathHeadingChanges:	3
minHeadingChanges:	3
