sx:	102
sy:	91
ex:	58
ey:	132
shortestPathLength:	82.53775
straightLineDistance:	60.1415
directness:	1.3723927
distanceCoverage:	0.25930768
minMapCoverage:	0.35587195
shortestPathHeadingChanges:	7
minHeadingChanges:	4
