sx:	103
sy:	150
ex:	69
ey:	57
shortestPathLength:	99.11571
straightLineDistance:	99.0202
directness:	1.0009645
distanceCoverage:	0.42693815
minMapCoverage:	0.42734993
shortestPathHeadingChanges:	4
minHeadingChanges:	3
