sx:	104
sy:	114
ex:	89
ey:	62
shortestPathLength:	58.450054
straightLineDistance:	54.120235
directness:	1.0800037
distanceCoverage:	0.23334625
minMapCoverage:	0.25201482
shortestPathHeadingChanges:	7
minHeadingChanges:	3
