sx:	108
sy:	116
ex:	139
ey:	20
shortestPathLength:	107.43111
straightLineDistance:	100.88112
directness:	1.0649278
distanceCoverage:	0.4349617
minMapCoverage:	0.4632028
shortestPathHeadingChanges:	8
minHeadingChanges:	3
