sx:	116
sy:	125
ex:	80
ey:	82
shortestPathLength:	57.435707
straightLineDistance:	56.0803
directness:	1.0241691
distanceCoverage:	0.24179731
minMapCoverage:	0.24764132
shortestPathHeadingChanges:	5
minHeadingChanges:	3
