sx:	116
sy:	72
ex:	104
ey:	96
shortestPathLength:	27.346619
straightLineDistance:	26.832815
directness:	1.0191483
distanceCoverage:	0.11569308
minMapCoverage:	0.11790841
shortestPathHeadingChanges:	4
minHeadingChanges:	3
