sx:	120
sy:	116
ex:	149
ey:	100
shortestPathLength:	34.41324
straightLineDistance:	33.12099
directness:	1.039016
distanceCoverage:	0.14280534
minMapCoverage:	0.14837703
shortestPathHeadingChanges:	3
minHeadingChanges:	3
