sx:	121
sy:	10
ex:	132
ey:	106
shortestPathLength:	107.98422
straightLineDistance:	96.62815
directness:	1.1175234
distanceCoverage:	0.41662452
minMapCoverage:	0.46558765
shortestPathHeadingChanges:	8
minHeadingChanges:	5
