sx:	122
sy:	22
ex:	147
ey:	89
shortestPathLength:	112.77664
straightLineDistance:	71.51224
directness:	1.5770258
distanceCoverage:	0.30833405
minMapCoverage:	0.48625076
shortestPathHeadingChanges:	10
minHeadingChanges:	5
