sx:	123
sy:	38
ex:	67
ey:	108
shortestPathLength:	101.482086
straightLineDistance:	89.64374
directness:	1.1320599
distanceCoverage:	0.3865103
minMapCoverage:	0.43755287
shortestPathHeadingChanges:	8
minHeadingChanges:	5
