sx:	124
sy:	34
ex:	88
ey:	134
shortestPathLength:	107.54894
straightLineDistance:	106.28264
directness:	1.0119145
distanceCoverage:	0.45825106
minMapCoverage:	0.46371087
shortestPathHeadingChanges:	6
minHeadingChanges:	5
