sx:	129
sy:	60
ex:	142
ey:	49
shortestPathLength:	39.186817
straightLineDistance:	17.029387
directness:	2.301129
distanceCoverage:	0.073424354
minMapCoverage:	0.16895892
shortestPathHeadingChanges:	6
minHeadingChanges:	4
