sx:	132
sy:	99
ex:	50
ey:	54
shortestPathLength:	96.96009
straightLineDistance:	93.53609
directness:	1.0366062
distanceCoverage:	0.4032927
minMapCoverage:	0.4180557
shortestPathHeadingChanges:	6
minHeadingChanges:	4
