sx:	136
sy:	152
ex:	45
ey:	101
shortestPathLength:	121.28253
straightLineDistance:	104.316826
directness:	1.1626363
distanceCoverage:	0.4497752
minMapCoverage:	0.522925
shortestPathHeadingChanges:	5
minHeadingChanges:	4
