sx:	14
sy:	147
ex:	45
ey:	6
shortestPathLength:	160.58223
straightLineDistance:	144.36758
directness:	1.112315
distanceCoverage:	0.6224591
minMapCoverage:	0.6923706
shortestPathHeadingChanges:	8
minHeadingChanges:	5
