sx:	144
sy:	153
ex:	117
ey:	51
shortestPathLength:	116.66408
straightLineDistance:	105.51303
directness:	1.105684
distanceCoverage:	0.45493278
minMapCoverage:	0.50301194
shortestPathHeadingChanges:	9
minHeadingChanges:	4
