sx:	146
sy:	70
ex:	114
ey:	62
shortestPathLength:	85.24144
straightLineDistance:	32.984844
directness:	2.5842607
distanceCoverage:	0.14221834
minMapCoverage:	0.36752927
shortestPathHeadingChanges:	9
minHeadingChanges:	4
