sx:	15
sy:	131
ex:	129
ey:	113
shortestPathLength:	141.45653
straightLineDistance:	115.41231
directness:	1.2256625
distanceCoverage:	0.49761477
minMapCoverage:	0.60990775
shortestPathHeadingChanges:	8
minHeadingChanges:	4
