sx:	15
sy:	13
ex:	94
ey:	47
shortestPathLength:	141.21976
straightLineDistance:	86.00581
directness:	1.6419792
distanceCoverage:	0.37082496
minMapCoverage:	0.60888684
shortestPathHeadingChanges:	8
minHeadingChanges:	6
