sx:	15
sy:	59
ex:	25
ey:	145
shortestPathLength:	133.16083
straightLineDistance:	86.579445
directness:	1.538019
distanceCoverage:	0.37329823
minMapCoverage:	0.5741398
shortestPathHeadingChanges:	8
minHeadingChanges:	5
