sx:	150
sy:	16
ex:	107
ey:	76
shortestPathLength:	74.4134
straightLineDistance:	73.817345
directness:	1.0080748
distanceCoverage:	0.31827283
minMapCoverage:	0.3208428
shortestPathHeadingChanges:	3
minHeadingChanges:	3
