sx:	153
sy:	26
ex:	9
ey:	72
shortestPathLength:	169.2797
straightLineDistance:	151.16878
directness:	1.1198059
distanceCoverage:	0.65178335
minMapCoverage:	0.72987086
shortestPathHeadingChanges:	11
minHeadingChanges:	6
