sx:	155
sy:	91
ex:	147
ey:	152
shortestPathLength:	94.58681
straightLineDistance:	61.522354
directness:	1.537438
distanceCoverage:	0.2652614
minMapCoverage:	0.407823
shortestPathHeadingChanges:	9
minHeadingChanges:	4
