sx:	157
sy:	91
ex:	17
ey:	13
shortestPathLength:	177.2405
straightLineDistance:	160.26228
directness:	1.1059401
distanceCoverage:	0.6909911
minMapCoverage:	0.76419485
shortestPathHeadingChanges:	9
minHeadingChanges:	6
