sx:	27
sy:	145
ex:	17
ey:	7
shortestPathLength:	169.53137
straightLineDistance:	138.36185
directness:	1.2252754
distanceCoverage:	0.5965646
minMapCoverage:	0.73095596
shortestPathHeadingChanges:	9
minHeadingChanges:	6
