sx:	28
sy:	145
ex:	111
ey:	105
shortestPathLength:	122.93874
straightLineDistance:	92.13577
directness:	1.3343215
distanceCoverage:	0.39725506
minMapCoverage:	0.53006595
shortestPathHeadingChanges:	8
minHeadingChanges:	5
