sx:	35
sy:	93
ex:	103
ey:	120
shortestPathLength:	88.50401
straightLineDistance:	73.1642
directness:	1.2096628
distanceCoverage:	0.31545672
minMapCoverage:	0.38159627
shortestPathHeadingChanges:	6
minHeadingChanges:	4
