sx:	40
sy:	61
ex:	103
ey:	80
shortestPathLength:	65.80681
straightLineDistance:	65.802734
directness:	1.0000619
distanceCoverage:	0.28371683
minMapCoverage:	0.28373438
shortestPathHeadingChanges:	3
minHeadingChanges:	3
