sx:	41
sy:	54
ex:	81
ey:	70
shortestPathLength:	44.343834
straightLineDistance:	43.081318
directness:	1.0293055
distanceCoverage:	0.18575056
minMapCoverage:	0.19119406
shortestPathHeadingChanges:	3
minHeadingChanges:	3
