sx:	48
sy:	125
ex:	76
ey:	21
shortestPathLength:	109.84987
straightLineDistance:	107.70329
directness:	1.0199305
distanceCoverage:	0.4643764
minMapCoverage:	0.47363162
shortestPathHeadingChanges:	5
minHeadingChanges:	5
