sx:	51
sy:	57
ex:	110
ey:	116
shortestPathLength:	84.88455
straightLineDistance:	83.4386
directness:	1.0173296
distanceCoverage:	0.35975608
minMapCoverage:	0.3659905
shortestPathHeadingChanges:	4
minHeadingChanges:	3
