sx:	52
sy:	24
ex:	134
ey:	160
shortestPathLength:	160.6531
straightLineDistance:	158.80806
directness:	1.0116181
distanceCoverage:	0.68472105
minMapCoverage:	0.6926762
shortestPathHeadingChanges:	4
minHeadingChanges:	4
