sx:	52
sy:	46
ex:	78
ey:	37
shortestPathLength:	27.532505
straightLineDistance:	27.513634
directness:	1.0006859
distanceCoverage:	0.11862852
minMapCoverage:	0.118709885
shortestPathHeadingChanges:	3
minHeadingChanges:	3
