sx:	52
sy:	69
ex:	96
ey:	84
shortestPathLength:	46.598206
straightLineDistance:	46.486557
directness:	1.0024017
distanceCoverage:	0.20043267
minMapCoverage:	0.20091407
shortestPathHeadingChanges:	3
minHeadingChanges:	3
