sx:	6
sy:	130
ex:	142
ey:	148
shortestPathLength:	177.73062
straightLineDistance:	137.186
directness:	1.2955449
distanceCoverage:	0.5914948
minMapCoverage:	0.76630807
shortestPathHeadingChanges:	8
minHeadingChanges:	5
