sx:	63
sy:	89
ex:	140
ey:	15
shortestPathLength:	111.988335
straightLineDistance:	106.7942
directness:	1.0486369
distanceCoverage:	0.4604567
minMapCoverage:	0.4828519
shortestPathHeadingChanges:	5
minHeadingChanges:	4
