sx:	68
sy:	43
ex:	67
ey:	69
shortestPathLength:	29.21485
straightLineDistance:	26.019224
directness:	1.1228179
distanceCoverage:	0.11218518
minMapCoverage:	0.12596352
shortestPathHeadingChanges:	4
minHeadingChanges:	3
