sx:	69
sy:	68
ex:	35
ey:	129
shortestPathLength:	71.45271
straightLineDistance:	69.83552
directness:	1.0231572
distanceCoverage:	0.30110466
minMapCoverage:	0.30807742
shortestPathHeadingChanges:	4
minHeadingChanges:	3
