sx:	73
sy:	50
ex:	65
ey:	61
shortestPathLength:	15.564032
straightLineDistance:	13.601471
directness:	1.1442903
distanceCoverage:	0.058644462
minMapCoverage:	0.06710629
shortestPathHeadingChanges:	4
minHeadingChanges:	3
