sx:	77
sy:	37
ex:	99
ey:	50
shortestPathLength:	74.16192
straightLineDistance:	25.553865
directness:	2.90218
distanceCoverage:	0.110178724
minMapCoverage:	0.3197585
shortestPathHeadingChanges:	8
minHeadingChanges:	5
