sx:	78
sy:	75
ex:	155
ey:	98
shortestPathLength:	83.87245
straightLineDistance:	80.36168
directness:	1.0436871
distanceCoverage:	0.34648955
minMapCoverage:	0.36162668
shortestPathHeadingChanges:	4
minHeadingChanges:	4
