sx:	79
sy:	104
ex:	97
ey:	121
shortestPathLength:	24.859138
straightLineDistance:	24.758837
directness:	1.0040512
distanceCoverage:	0.10675086
minMapCoverage:	0.10718332
shortestPathHeadingChanges:	4
minHeadingChanges:	3
