sx:	83
sy:	62
ex:	25
ey:	128
shortestPathLength:	90.88176
straightLineDistance:	87.86353
directness:	1.0343513
distanceCoverage:	0.37883475
minMapCoverage:	0.3918482
shortestPathHeadingChanges:	5
minHeadingChanges:	4
