sx:	88
sy:	66
ex:	94
ey:	142
shortestPathLength:	76.74906
straightLineDistance:	76.23647
directness:	1.0067236
distanceCoverage:	0.3287032
minMapCoverage:	0.3309133
shortestPathHeadingChanges:	4
minHeadingChanges:	3
