sx:	92
sy:	76
ex:	55
ey:	143
shortestPathLength:	88.44561
straightLineDistance:	76.537575
directness:	1.1555842
distanceCoverage:	0.33000144
minMapCoverage:	0.38134444
shortestPathHeadingChanges:	6
minHeadingChanges:	4
