sx:	2
sy:	10
ex:	3
ey:	4
shortestPathLength:	6.8863497
straightLineDistance:	6.0827627
directness:	1.1321089
distanceCoverage:	0.43011627
minMapCoverage:	0.48693845
shortestPathHeadingChanges:	4
minHeadingChanges:	4
