sx:	1
sy:	7
ex:	10
ey:	1
shortestPathLength:	10.830952
straightLineDistance:	10.816654
directness:	1.0013218
distanceCoverage:	0.76485294
minMapCoverage:	0.76586396
shortestPathHeadingChanges:	3
minHeadingChanges:	3
