sx:	10
sy:	4
ex:	3
ey:	15
shortestPathLength:	13.6094475
straightLineDistance:	13.038404
directness:	1.043797
distanceCoverage:	0.30731815
minMapCoverage:	0.32077774
shortestPathHeadingChanges:	5
minHeadingChanges:	4
