sx:	11
sy:	10
ex:	18
ey:	0
shortestPathLength:	13.019765
straightLineDistance:	12.206555
directness:	1.0666207
distanceCoverage:	0.28771126
minMapCoverage:	0.3068788
shortestPathHeadingChanges:	5
minHeadingChanges:	3
