sx:	12
sy:	1
ex:	10
ey:	23
shortestPathLength:	22.19804
straightLineDistance:	22.090721
directness:	1.0048581
distanceCoverage:	0.5206833
minMapCoverage:	0.52321285
shortestPathHeadingChanges:	3
minHeadingChanges:	3
