sx:	13
sy:	29
ex:	23
ey:	10
shortestPathLength:	22.115469
straightLineDistance:	21.470911
directness:	1.03002
distanceCoverage:	0.50607425
minMapCoverage:	0.5212666
shortestPathHeadingChanges:	5
minHeadingChanges:	3
