sx:	14
sy:	30
ex:	11
ey:	2
shortestPathLength:	28.588978
straightLineDistance:	28.160255
directness:	1.0152243
distanceCoverage:	0.6637436
minMapCoverage:	0.6738487
shortestPathHeadingChanges:	5
minHeadingChanges:	4
