sx:	16
sy:	1
ex:	21
ey:	6
shortestPathLength:	7.8863497
straightLineDistance:	7.071068
directness:	1.1152983
distanceCoverage:	0.16666667
minMapCoverage:	0.18588305
shortestPathHeadingChanges:	4
minHeadingChanges:	4
