sx:	16
sy:	22
ex:	21
ey:	5
shortestPathLength:	17.86607
straightLineDistance:	17.720045
directness:	1.0082407
distanceCoverage:	0.41766548
minMapCoverage:	0.4211073
shortestPathHeadingChanges:	3
minHeadingChanges:	3
