sx:	16
sy:	6
ex:	18
ey:	12
shortestPathLength:	7.0827627
straightLineDistance:	6.3245554
directness:	1.1198831
distanceCoverage:	0.1490712
minMapCoverage:	0.16694231
shortestPathHeadingChanges:	3
minHeadingChanges:	3
