sx:	17
sy:	21
ex:	6
ey:	6
shortestPathLength:	18.929482
straightLineDistance:	18.601076
directness:	1.0176551
distanceCoverage:	0.43843156
minMapCoverage:	0.44617215
shortestPathHeadingChanges:	3
minHeadingChanges:	3
