sx:	17
sy:	29
ex:	27
ey:	17
shortestPathLength:	15.689692
straightLineDistance:	15.6205
directness:	1.0044296
distanceCoverage:	0.3681787
minMapCoverage:	0.36980957
shortestPathHeadingChanges:	3
minHeadingChanges:	3
