sx:	17
sy:	20
ex:	18
ey:	27
shortestPathLength:	7.0990195
straightLineDistance:	7.071068
directness:	1.003953
distanceCoverage:	0.16666667
minMapCoverage:	0.1673255
shortestPathHeadingChanges:	3
minHeadingChanges:	3
