sx:	18
sy:	19
ex:	30
ey:	6
shortestPathLength:	18.191414
straightLineDistance:	17.691807
directness:	1.0282395
distanceCoverage:	0.41699988
minMapCoverage:	0.42877573
shortestPathHeadingChanges:	3
minHeadingChanges:	3
