sx:	2
sy:	17
ex:	7
ey:	2
shortestPathLength:	17.162636
straightLineDistance:	15.811388
directness:	1.0854604
distanceCoverage:	0.37267798
minMapCoverage:	0.40452722
shortestPathHeadingChanges:	6
minHeadingChanges:	4
