sx:	22
sy:	17
ex:	21
ey:	3
shortestPathLength:	15.165525
straightLineDistance:	14.035668
directness:	1.0804989
distanceCoverage:	0.33082387
minMapCoverage:	0.35745487
shortestPathHeadingChanges:	4
minHeadingChanges:	4
