sx:	22
sy:	26
ex:	6
ey:	24
shortestPathLength:	16.472136
straightLineDistance:	16.124516
directness:	1.0215585
distanceCoverage:	0.38005847
minMapCoverage:	0.38825196
shortestPathHeadingChanges:	3
minHeadingChanges:	3
