sx:	23
sy:	20
ex:	14
ey:	24
shortestPathLength:	10.676619
straightLineDistance:	9.848858
directness:	1.0840464
distanceCoverage:	0.23213981
minMapCoverage:	0.2516503
shortestPathHeadingChanges:	3
minHeadingChanges:	3
