sx:	24
sy:	2
ex:	21
ey:	18
shortestPathLength:	19.194174
straightLineDistance:	16.27882
directness:	1.1790887
distanceCoverage:	0.38369545
minMapCoverage:	0.45241103
shortestPathHeadingChanges:	5
minHeadingChanges:	4
