sx:	28
sy:	26
ex:	20
ey:	12
shortestPathLength:	16.764824
straightLineDistance:	16.124516
directness:	1.0397103
distanceCoverage:	0.38005847
minMapCoverage:	0.3951507
shortestPathHeadingChanges:	4
minHeadingChanges:	4
