sx:	28
sy:	9
ex:	18
ey:	29
shortestPathLength:	22.892445
straightLineDistance:	22.36068
directness:	1.0237813
distanceCoverage:	0.52704626
minMapCoverage:	0.5395801
shortestPathHeadingChanges:	5
minHeadingChanges:	4
