sx:	3
sy:	20
ex:	7
ey:	15
shortestPathLength:	9.385164
straightLineDistance:	6.4031243
directness:	1.4657164
distanceCoverage:	0.15092309
minMapCoverage:	0.22121045
shortestPathHeadingChanges:	5
minHeadingChanges:	4
