sx:	4
sy:	12
ex:	8
ey:	0
shortestPathLength:	13.2111025
straightLineDistance:	12.649111
directness:	1.0444293
distanceCoverage:	0.2981424
minMapCoverage:	0.31138867
shortestPathHeadingChanges:	3
minHeadingChanges:	3
