sx:	4
sy:	15
ex:	28
ey:	2
shortestPathLength:	29.432365
straightLineDistance:	27.294687
directness:	1.0783185
distanceCoverage:	0.64334196
minMapCoverage:	0.6937275
shortestPathHeadingChanges:	5
minHeadingChanges:	4
