sx:	5
sy:	15
ex:	28
ey:	1
shortestPathLength:	27.824242
straightLineDistance:	26.925823
directness:	1.0333664
distanceCoverage:	0.6346477
minMapCoverage:	0.65582365
shortestPathHeadingChanges:	6
minHeadingChanges:	4
