sx:	5
sy:	8
ex:	15
ey:	25
shortestPathLength:	20.20465
straightLineDistance:	19.723083
directness:	1.0244164
distanceCoverage:	0.46487755
minMapCoverage:	0.47622818
shortestPathHeadingChanges:	3
minHeadingChanges:	3
