sx:	6
sy:	18
ex:	23
ey:	11
shortestPathLength:	18.393824
straightLineDistance:	18.384777
directness:	1.0004921
distanceCoverage:	0.43333334
minMapCoverage:	0.43354657
shortestPathHeadingChanges:	3
minHeadingChanges:	3
