sx:	7
sy:	11
ex:	29
ey:	12
shortestPathLength:	22.03122
straightLineDistance:	22.022715
directness:	1.0003862
distanceCoverage:	0.51908034
minMapCoverage:	0.51928085
shortestPathHeadingChanges:	3
minHeadingChanges:	3
