sx:	9
sy:	7
ex:	29
ey:	1
shortestPathLength:	20.989874
straightLineDistance:	20.880613
directness:	1.0052326
distanceCoverage:	0.49216077
minMapCoverage:	0.49473608
shortestPathHeadingChanges:	4
minHeadingChanges:	4
