sx:	21
sy:	16
ex:	90
ey:	11
shortestPathLength:	69.51454
straightLineDistance:	69.18092
directness:	1.0048224
distanceCoverage:	0.67837477
minMapCoverage:	0.68164617
shortestPathHeadingChanges:	6
minHeadingChanges:	3
