sx:	35
sy:	9
ex:	95
ey:	12
shortestPathLength:	61.135555
straightLineDistance:	60.074955
directness:	1.0176547
distanceCoverage:	0.5890834
minMapCoverage:	0.59948343
shortestPathHeadingChanges:	5
minHeadingChanges:	3
