sx:	38
sy:	1
ex:	10
ey:	19
shortestPathLength:	33.30194
straightLineDistance:	33.286633
directness:	1.0004599
distanceCoverage:	0.32640228
minMapCoverage:	0.3265524
shortestPathHeadingChanges:	3
minHeadingChanges:	3
