sx:	49
sy:	8
ex:	18
ey:	1
shortestPathLength:	31.780754
straightLineDistance:	31.780497
directness:	1.0000081
distanceCoverage:	0.3116334
minMapCoverage:	0.31163594
shortestPathHeadingChanges:	3
minHeadingChanges:	3
