sx:	51
sy:	12
ex:	94
ey:	16
shortestPathLength:	44.718407
straightLineDistance:	43.185646
directness:	1.0354924
distanceCoverage:	0.42347008
minMapCoverage:	0.43850005
shortestPathHeadingChanges:	5
minHeadingChanges:	4
