sx:	54
sy:	17
ex:	89
ey:	6
shortestPathLength:	38.704365
straightLineDistance:	36.687874
directness:	1.0549635
distanceCoverage:	0.3597542
minMapCoverage:	0.3795275
shortestPathHeadingChanges:	4
minHeadingChanges:	4
