sx:	61
sy:	0
ex:	86
ey:	3
shortestPathLength:	25.182621
straightLineDistance:	25.179358
directness:	1.0001296
distanceCoverage:	0.24690391
minMapCoverage:	0.2469359
shortestPathHeadingChanges:	3
minHeadingChanges:	3
