sx:	69
sy:	19
ex:	53
ey:	0
shortestPathLength:	24.934477
straightLineDistance:	24.839485
directness:	1.0038242
distanceCoverage:	0.24357119
minMapCoverage:	0.24450266
shortestPathHeadingChanges:	4
minHeadingChanges:	3
