sx:	75
sy:	12
ex:	55
ey:	4
shortestPathLength:	21.700317
straightLineDistance:	21.540659
directness:	1.007412
distanceCoverage:	0.21122353
minMapCoverage:	0.21278912
shortestPathHeadingChanges:	4
minHeadingChanges:	3
