sx:	77
sy:	2
ex:	86
ey:	5
shortestPathLength:	9.5440035
straightLineDistance:	9.486833
directness:	1.0060264
distanceCoverage:	0.09302604
minMapCoverage:	0.09358665
shortestPathHeadingChanges:	3
minHeadingChanges:	3
