sx:	79
sy:	11
ex:	56
ey:	19
shortestPathLength:	24.409399
straightLineDistance:	24.351591
directness:	1.0023739
distanceCoverage:	0.238787
minMapCoverage:	0.23935385
shortestPathHeadingChanges:	3
minHeadingChanges:	3
