sx:	82
sy:	17
ex:	26
ey:	13
shortestPathLength:	56.504562
straightLineDistance:	56.142673
directness:	1.0064459
distanceCoverage:	0.5505242
minMapCoverage:	0.5540728
shortestPathHeadingChanges:	5
minHeadingChanges:	4
