sx:	83
sy:	10
ex:	41
ey:	0
shortestPathLength:	43.217888
straightLineDistance:	43.174065
directness:	1.0010151
distanceCoverage:	0.42335653
minMapCoverage:	0.42378625
shortestPathHeadingChanges:	3
minHeadingChanges:	3
