sx:	84
sy:	11
ex:	41
ey:	1
shortestPathLength:	44.195587
straightLineDistance:	44.14748
directness:	1.0010897
distanceCoverage:	0.43290165
minMapCoverage:	0.4333734
shortestPathHeadingChanges:	3
minHeadingChanges:	3
