sx:	85
sy:	18
ex:	75
ey:	5
shortestPathLength:	16.972527
straightLineDistance:	16.40122
directness:	1.0348332
distanceCoverage:	0.16082719
minMapCoverage:	0.16642931
shortestPathHeadingChanges:	5
minHeadingChanges:	3
