sx:	85
sy:	12
ex:	32
ey:	13
shortestPathLength:	53.194572
straightLineDistance:	53.009434
directness:	1.0034926
distanceCoverage:	0.51980025
minMapCoverage:	0.5216157
shortestPathHeadingChanges:	5
minHeadingChanges:	3
