sx:	85
sy:	8
ex:	84
ey:	20
shortestPathLength:	12.082763
straightLineDistance:	12.0415945
directness:	1.0034188
distanceCoverage:	0.11807755
minMapCoverage:	0.11848123
shortestPathHeadingChanges:	3
minHeadingChanges:	3
