sx:	86
sy:	12
ex:	42
ey:	13
shortestPathLength:	44.13877
straightLineDistance:	44.011364
directness:	1.0028949
distanceCoverage:	0.43156692
minMapCoverage:	0.43281624
shortestPathHeadingChanges:	5
minHeadingChanges:	3
