sx:	87
sy:	13
ex:	91
ey:	19
shortestPathLength:	8.324555
straightLineDistance:	7.2111025
directness:	1.1544081
distanceCoverage:	0.070710674
minMapCoverage:	0.08162898
shortestPathHeadingChanges:	3
minHeadingChanges:	3
