sx:	87
sy:	20
ex:	80
ey:	7
shortestPathLength:	15.282386
straightLineDistance:	14.764823
directness:	1.0350537
distanceCoverage:	0.144781
minMapCoverage:	0.14985612
shortestPathHeadingChanges:	4
minHeadingChanges:	3
