sx:	88
sy:	17
ex:	63
ey:	2
shortestPathLength:	29.509193
straightLineDistance:	29.15476
directness:	1.012157
distanceCoverage:	0.28588593
minMapCoverage:	0.28936145
shortestPathHeadingChanges:	3
minHeadingChanges:	3
