sx:	95
sy:	5
ex:	72
ey:	6
shortestPathLength:	23.026299
straightLineDistance:	23.021729
directness:	1.0001985
distanceCoverage:	0.22574662
minMapCoverage:	0.22579142
shortestPathHeadingChanges:	3
minHeadingChanges:	3
