sx:	96
sy:	14
ex:	21
ey:	10
shortestPathLength:	75.28085
straightLineDistance:	75.10659
directness:	1.0023202
distanceCoverage:	0.7364807
minMapCoverage:	0.73818946
shortestPathHeadingChanges:	7
minHeadingChanges:	3
