sx:	97
sy:	0
ex:	87
ey:	6
shortestPathLength:	11.981409
straightLineDistance:	11.661903
directness:	1.0273974
distanceCoverage:	0.11435437
minMapCoverage:	0.11748738
shortestPathHeadingChanges:	3
minHeadingChanges:	3
