sx:	99
sy:	5
ex:	46
ey:	3
shortestPathLength:	53.205894
straightLineDistance:	53.037724
directness:	1.0031707
distanceCoverage:	0.52007765
minMapCoverage:	0.5217267
shortestPathHeadingChanges:	5
minHeadingChanges:	3
