sx:	11
sy:	5
ex:	4
ey:	15
shortestPathLength:	16.491213
straightLineDistance:	12.206555
directness:	1.3510128
distanceCoverage:	0.11969512
minMapCoverage:	0.16170964
shortestPathHeadingChanges:	5
minHeadingChanges:	5
