sx:	14
sy:	17
ex:	11
ey:	0
shortestPathLength:	22.491253
straightLineDistance:	17.262676
directness:	1.3028833
distanceCoverage:	0.16927446
minMapCoverage:	0.22054487
shortestPathHeadingChanges:	6
minHeadingChanges:	6
