sx:	15
sy:	4
ex:	3
ey:	15
shortestPathLength:	19.246212
straightLineDistance:	16.27882
directness:	1.1822854
distanceCoverage:	0.15962696
minMapCoverage:	0.18872464
shortestPathHeadingChanges:	4
minHeadingChanges:	4
