sx:	17
sy:	16
ex:	18
ey:	8
shortestPathLength:	10.071068
straightLineDistance:	8.062258
directness:	1.2491622
distanceCoverage:	0.07905694
minMapCoverage:	0.09875494
shortestPathHeadingChanges:	4
minHeadingChanges:	3
