sx:	22
sy:	10
ex:	33
ey:	3
shortestPathLength:	14.709721
straightLineDistance:	13.038404
directness:	1.1281841
distanceCoverage:	0.12785207
minMapCoverage:	0.14424068
shortestPathHeadingChanges:	4
minHeadingChanges:	4
