sx:	28
sy:	20
ex:	29
ey:	7
shortestPathLength:	15.971298
straightLineDistance:	13.038404
directness:	1.2249427
distanceCoverage:	0.12785207
minMapCoverage:	0.15661146
shortestPathHeadingChanges:	7
minHeadingChanges:	4
