sx:	29
sy:	14
ex:	36
ey:	10
shortestPathLength:	15.549776
straightLineDistance:	8.062258
directness:	1.9287124
distanceCoverage:	0.07905694
minMapCoverage:	0.1524781
shortestPathHeadingChanges:	6
minHeadingChanges:	4
