sx:	36
sy:	19
ex:	30
ey:	8
shortestPathLength:	12.698908
straightLineDistance:	12.529964
directness:	1.0134832
distanceCoverage:	0.12286641
minMapCoverage:	0.124523036
shortestPathHeadingChanges:	4
minHeadingChanges:	4
