sx:	40
sy:	1
ex:	38
ey:	5
shortestPathLength:	4.5764914
straightLineDistance:	4.472136
directness:	1.0233345
distanceCoverage:	0.0438529
minMapCoverage:	0.044876188
shortestPathHeadingChanges:	3
minHeadingChanges:	3
