sx:	49
sy:	5
ex:	55
ey:	7
shortestPathLength:	8.285383
straightLineDistance:	6.3245554
directness:	1.3100342
distanceCoverage:	0.062017366
minMapCoverage:	0.08124486
shortestPathHeadingChanges:	4
minHeadingChanges:	4
