sx:	56
sy:	4
ex:	59
ey:	19
shortestPathLength:	15.414558
straightLineDistance:	15.297058
directness:	1.0076813
distanceCoverage:	0.14999999
minMapCoverage:	0.15115218
shortestPathHeadingChanges:	4
minHeadingChanges:	4
