sx:	58
sy:	7
ex:	72
ey:	6
shortestPathLength:	30.908998
straightLineDistance:	14.035668
directness:	2.2021751
distanceCoverage:	0.13763104
minMapCoverage:	0.30308765
shortestPathHeadingChanges:	10
minHeadingChanges:	8
