sx:	60
sy:	19
ex:	52
ey:	8
shortestPathLength:	14.954414
straightLineDistance:	13.601471
directness:	1.0994704
distanceCoverage:	0.1333734
minMapCoverage:	0.14664009
shortestPathHeadingChanges:	4
minHeadingChanges:	4
