sx:	61
sy:	8
ex:	79
ey:	17
shortestPathLength:	22.595242
straightLineDistance:	20.12461
directness:	1.1227666
distanceCoverage:	0.19733804
minMapCoverage:	0.22156456
shortestPathHeadingChanges:	8
minHeadingChanges:	5
