sx:	79
sy:	8
ex:	71
ey:	7
shortestPathLength:	14.162277
straightLineDistance:	8.062258
directness:	1.7566143
distanceCoverage:	0.07905694
minMapCoverage:	0.13887255
shortestPathHeadingChanges:	4
minHeadingChanges:	4
