sx:	8
sy:	6
ex:	18
ey:	17
shortestPathLength:	31.051876
straightLineDistance:	14.866069
directness:	2.0887752
distanceCoverage:	0.1457738
minMapCoverage:	0.3044887
shortestPathHeadingChanges:	10
minHeadingChanges:	8
