sx:	80
sy:	3
ex:	62
ey:	8
shortestPathLength:	27.59914
straightLineDistance:	18.681541
directness:	1.4773481
distanceCoverage:	0.18318757
minMapCoverage:	0.27063182
shortestPathHeadingChanges:	13
minHeadingChanges:	8
