sx:	83
sy:	10
ex:	71
ey:	8
shortestPathLength:	15.236068
straightLineDistance:	12.165525
directness:	1.2523971
distanceCoverage:	0.11929279
minMapCoverage:	0.14940193
shortestPathHeadingChanges:	4
minHeadingChanges:	4
