sx:	88
sy:	6
ex:	89
ey:	9
shortestPathLength:	3.236068
straightLineDistance:	3.1622777
directness:	1.0233345
distanceCoverage:	0.031008683
minMapCoverage:	0.031732257
shortestPathHeadingChanges:	3
minHeadingChanges:	3
