sx:	95
sy:	10
ex:	91
ey:	16
shortestPathLength:	8.261297
straightLineDistance:	7.2111025
directness:	1.1456358
distanceCoverage:	0.070710674
minMapCoverage:	0.08100868
shortestPathHeadingChanges:	3
minHeadingChanges:	3
