sx:	97
sy:	16
ex:	87
ey:	11
shortestPathLength:	11.944272
straightLineDistance:	11.18034
directness:	1.0683281
distanceCoverage:	0.109632246
minMapCoverage:	0.117123224
shortestPathHeadingChanges:	4
minHeadingChanges:	3
