sx:	8
sy:	5
ex:	10
ey:	10
shortestPathLength:	5.8284273
straightLineDistance:	5.3851647
directness:	1.0823117
distanceCoverage:	0.38078865
minMapCoverage:	0.41213205
shortestPathHeadingChanges:	3
minHeadingChanges:	3
