sx:	11
sy:	56
ex:	56
ey:	16
shortestPathLength:	61.045944
straightLineDistance:	60.207973
directness:	1.0139179
distanceCoverage:	0.42573467
minMapCoverage:	0.43166
shortestPathHeadingChanges:	9
minHeadingChanges:	5
