sx:	11
sy:	99
ex:	94
ey:	35
shortestPathLength:	108.34923
straightLineDistance:	104.80935
directness:	1.0337745
distanceCoverage:	0.741114
minMapCoverage:	0.76614475
shortestPathHeadingChanges:	16
minHeadingChanges:	7
