sx:	18
sy:	29
ex:	92
ey:	91
shortestPathLength:	98.93533
straightLineDistance:	96.540146
directness:	1.0248103
distanceCoverage:	0.6826419
minMapCoverage:	0.69957846
shortestPathHeadingChanges:	14
minHeadingChanges:	6
