sx:	18
sy:	37
ex:	57
ey:	18
shortestPathLength:	44.820423
straightLineDistance:	43.382023
directness:	1.0331566
distanceCoverage:	0.3067572
minMapCoverage:	0.31692824
shortestPathHeadingChanges:	10
minHeadingChanges:	5
