sx:	19
sy:	94
ex:	23
ey:	14
shortestPathLength:	81.19246
straightLineDistance:	80.09994
directness:	1.0136395
distanceCoverage:	0.56639206
minMapCoverage:	0.57411736
shortestPathHeadingChanges:	15
minHeadingChanges:	6
