sx:	20
sy:	17
ex:	58
ey:	44
shortestPathLength:	47.099022
straightLineDistance:	46.615448
directness:	1.0103737
distanceCoverage:	0.329621
minMapCoverage:	0.3330404
shortestPathHeadingChanges:	7
minHeadingChanges:	4
