sx:	22
sy:	44
ex:	47
ey:	31
shortestPathLength:	28.773232
straightLineDistance:	28.178005
directness:	1.0211238
distanceCoverage:	0.19924858
minMapCoverage:	0.20345747
shortestPathHeadingChanges:	5
minHeadingChanges:	4
