sx:	27
sy:	27
ex:	20
ey:	23
shortestPathLength:	8.077687
straightLineDistance:	8.062258
directness:	1.0019138
distanceCoverage:	0.057008773
minMapCoverage:	0.057117876
shortestPathHeadingChanges:	3
minHeadingChanges:	3
