sx:	3
sy:	77
ex:	30
ey:	37
shortestPathLength:	50.29738
straightLineDistance:	48.259712
directness:	1.042223
distanceCoverage:	0.3412477
minMapCoverage:	0.35565618
shortestPathHeadingChanges:	12
minHeadingChanges:	5
