sx:	32
sy:	10
ex:	1
ey:	63
shortestPathLength:	62.76858
straightLineDistance:	61.400326
directness:	1.0222842
distanceCoverage:	0.43416587
minMapCoverage:	0.4438409
shortestPathHeadingChanges:	9
minHeadingChanges:	5
