sx:	33
sy:	24
ex:	34
ey:	57
shortestPathLength:	33.953785
straightLineDistance:	33.01515
directness:	1.0284305
distanceCoverage:	0.23345235
minMapCoverage:	0.24008952
shortestPathHeadingChanges:	8
minHeadingChanges:	4
