sx:	40
sy:	57
ex:	31
ey:	28
shortestPathLength:	30.371916
straightLineDistance:	30.364452
directness:	1.0002458
distanceCoverage:	0.2147091
minMapCoverage:	0.21476188
shortestPathHeadingChanges:	3
minHeadingChanges:	3
