sx:	42
sy:	26
ex:	7
ey:	62
shortestPathLength:	51.011837
straightLineDistance:	50.20956
directness:	1.0159786
distanceCoverage:	0.35503522
minMapCoverage:	0.36070815
shortestPathHeadingChanges:	8
minHeadingChanges:	5
