sx:	43
sy:	26
ex:	81
ey:	90
shortestPathLength:	76.25909
straightLineDistance:	74.431175
directness:	1.0245584
distanceCoverage:	0.5263079
minMapCoverage:	0.53923315
shortestPathHeadingChanges:	11
minHeadingChanges:	6
