sx:	44
sy:	8
ex:	49
ey:	28
shortestPathLength:	21.133326
straightLineDistance:	20.615528
directness:	1.0251169
distanceCoverage:	0.1457738
minMapCoverage:	0.14943518
shortestPathHeadingChanges:	4
minHeadingChanges:	3
