sx:	45
sy:	49
ex:	46
ey:	4
shortestPathLength:	45.393543
straightLineDistance:	45.01111
directness:	1.0084964
distanceCoverage:	0.3182766
minMapCoverage:	0.32098082
shortestPathHeadingChanges:	7
minHeadingChanges:	4
