sx:	5
sy:	51
ex:	48
ey:	56
shortestPathLength:	49.78156
straightLineDistance:	43.289722
directness:	1.1499625
distanceCoverage:	0.30610457
minMapCoverage:	0.3520088
shortestPathHeadingChanges:	12
minHeadingChanges:	7
