sx:	51
sy:	33
ex:	37
ey:	44
shortestPathLength:	20.228432
straightLineDistance:	17.804493
directness:	1.136142
distanceCoverage:	0.12589678
minMapCoverage:	0.14303662
shortestPathHeadingChanges:	6
minHeadingChanges:	3
