sx:	51
sy:	89
ex:	44
ey:	97
shortestPathLength:	12.379129
straightLineDistance:	10.630146
directness:	1.1645305
distanceCoverage:	0.075166486
minMapCoverage:	0.08753366
shortestPathHeadingChanges:	3
minHeadingChanges:	3
