sx:	52
sy:	9
ex:	32
ey:	95
shortestPathLength:	89.96005
straightLineDistance:	88.29496
directness:	1.0188583
distanceCoverage:	0.62433964
minMapCoverage:	0.63611364
shortestPathHeadingChanges:	10
minHeadingChanges:	7
