sx:	53
sy:	28
ex:	90
ey:	10
shortestPathLength:	41.707973
straightLineDistance:	41.14608
directness:	1.013656
distanceCoverage:	0.29094672
minMapCoverage:	0.2949199
shortestPathHeadingChanges:	7
minHeadingChanges:	4
