sx:	61
sy:	52
ex:	46
ey:	3
shortestPathLength:	51.927696
straightLineDistance:	51.24451
directness:	1.0133319
distanceCoverage:	0.3623534
minMapCoverage:	0.36718425
shortestPathHeadingChanges:	6
minHeadingChanges:	4
