sx:	61
sy:	98
ex:	46
ey:	66
shortestPathLength:	36.569923
straightLineDistance:	35.341194
directness:	1.0347676
distanceCoverage:	0.24989998
minMapCoverage:	0.2585884
shortestPathHeadingChanges:	6
minHeadingChanges:	5
