sx:	65
sy:	52
ex:	66
ey:	74
shortestPathLength:	23.028992
straightLineDistance:	22.022715
directness:	1.0456927
distanceCoverage:	0.15572411
minMapCoverage:	0.16283956
shortestPathHeadingChanges:	5
minHeadingChanges:	4
