sx:	67
sy:	77
ex:	57
ey:	25
shortestPathLength:	55.758625
straightLineDistance:	52.95281
directness:	1.0529871
distanceCoverage:	0.3744329
minMapCoverage:	0.394273
shortestPathHeadingChanges:	10
minHeadingChanges:	6
