sx:	7
sy:	24
ex:	67
ey:	63
shortestPathLength:	73.366264
straightLineDistance:	71.561165
directness:	1.0252246
distanceCoverage:	0.5060139
minMapCoverage:	0.51877785
shortestPathHeadingChanges:	11
minHeadingChanges:	6
