sx:	70
sy:	71
ex:	51
ey:	69
shortestPathLength:	20.793968
straightLineDistance:	19.104973
directness:	1.0884061
distanceCoverage:	0.13509256
minMapCoverage:	0.14703555
shortestPathHeadingChanges:	7
minHeadingChanges:	5
