sx:	70
sy:	99
ex:	50
ey:	43
shortestPathLength:	62.237152
straightLineDistance:	59.464275
directness:	1.046631
distanceCoverage:	0.42047593
minMapCoverage:	0.44008312
shortestPathHeadingChanges:	13
minHeadingChanges:	7
