sx:	72
sy:	79
ex:	94
ey:	83
shortestPathLength:	23.122417
straightLineDistance:	22.36068
directness:	1.034066
distanceCoverage:	0.15811388
minMapCoverage:	0.16350017
shortestPathHeadingChanges:	4
minHeadingChanges:	4
