sx:	75
sy:	25
ex:	65
ey:	91
shortestPathLength:	67.26608
straightLineDistance:	66.75328
directness:	1.0076821
distanceCoverage:	0.47201696
minMapCoverage:	0.47564304
shortestPathHeadingChanges:	8
minHeadingChanges:	5
