sx:	76
sy:	76
ex:	67
ey:	32
shortestPathLength:	45.094154
straightLineDistance:	44.911022
directness:	1.0040777
distanceCoverage:	0.3175689
minMapCoverage:	0.3188638
shortestPathHeadingChanges:	5
minHeadingChanges:	4
