sx:	78
sy:	10
ex:	74
ey:	96
shortestPathLength:	87.494095
straightLineDistance:	86.09297
directness:	1.0162746
distanceCoverage:	0.60876924
minMapCoverage:	0.61867666
shortestPathHeadingChanges:	12
minHeadingChanges:	6
