sx:	79
sy:	19
ex:	64
ey:	23
shortestPathLength:	16.297058
straightLineDistance:	15.524175
directness:	1.0497859
distanceCoverage:	0.10977249
minMapCoverage:	0.1152376
shortestPathHeadingChanges:	3
minHeadingChanges:	3
