sx:	86
sy:	18
ex:	29
ey:	66
shortestPathLength:	77.63231
straightLineDistance:	74.518456
directness:	1.0417863
distanceCoverage:	0.526925
minMapCoverage:	0.54894334
shortestPathHeadingChanges:	11
minHeadingChanges:	6
