sx:	86
sy:	70
ex:	11
ey:	20
shortestPathLength:	90.93808
straightLineDistance:	90.13878
directness:	1.0088675
distanceCoverage:	0.63737744
minMapCoverage:	0.64302933
shortestPathHeadingChanges:	11
minHeadingChanges:	6
