sx:	86
sy:	80
ex:	78
ey:	53
shortestPathLength:	37.276405
straightLineDistance:	28.160255
directness:	1.323724
distanceCoverage:	0.19912307
minMapCoverage:	0.263584
shortestPathHeadingChanges:	7
minHeadingChanges:	5
