sx:	88
sy:	19
ex:	77
ey:	15
shortestPathLength:	13.18034
straightLineDistance:	11.7046995
directness:	1.1260724
distanceCoverage:	0.08276472
minMapCoverage:	0.093199074
shortestPathHeadingChanges:	4
minHeadingChanges:	4
