sx:	9
sy:	26
ex:	43
ey:	15
shortestPathLength:	36.095154
straightLineDistance:	35.735138
directness:	1.0100746
distanceCoverage:	0.25268558
minMapCoverage:	0.2552313
shortestPathHeadingChanges:	6
minHeadingChanges:	4
