sx:	9
sy:	92
ex:	13
ey:	59
shortestPathLength:	35.92725
straightLineDistance:	33.24154
directness:	1.0807939
distanceCoverage:	0.23505318
minMapCoverage:	0.25404403
shortestPathHeadingChanges:	6
minHeadingChanges:	5
