sx:	90
sy:	49
ex:	39
ey:	64
shortestPathLength:	56.605316
straightLineDistance:	53.160137
directness:	1.0648075
distanceCoverage:	0.37589893
minMapCoverage:	0.40026003
shortestPathHeadingChanges:	8
minHeadingChanges:	5
