sx:	91
sy:	66
ex:	58
ey:	75
shortestPathLength:	35.306637
straightLineDistance:	34.20526
directness:	1.032199
distanceCoverage:	0.24186772
minMapCoverage:	0.24965562
shortestPathHeadingChanges:	7
minHeadingChanges:	5
