sx:	91
sy:	97
ex:	60
ey:	94
shortestPathLength:	33.25809
straightLineDistance:	31.144823
directness:	1.067853
distanceCoverage:	0.22022715
minMapCoverage:	0.23517022
shortestPathHeadingChanges:	8
minHeadingChanges:	4
