sx:	16
sy:	11
ex:	22
ey:	17
shortestPathLength:	10.476471
straightLineDistance:	8.485281
directness:	1.234664
distanceCoverage:	0.08320502
minMapCoverage:	0.102730244
shortestPathHeadingChanges:	4
minHeadingChanges:	4
