sx:	17
sy:	1
ex:	19
ey:	16
shortestPathLength:	15.604666
straightLineDistance:	15.132746
directness:	1.0311854
distanceCoverage:	0.14838877
minMapCoverage:	0.15301633
shortestPathHeadingChanges:	5
minHeadingChanges:	4
