sx:	18
sy:	10
ex:	37
ey:	19
shortestPathLength:	21.299393
straightLineDistance:	21.023796
directness:	1.0131088
distanceCoverage:	0.20615527
minMapCoverage:	0.20885773
shortestPathHeadingChanges:	5
minHeadingChanges:	4
