sx:	2
sy:	20
ex:	41
ey:	17
shortestPathLength:	45.874046
straightLineDistance:	39.115215
directness:	1.1727929
distanceCoverage:	0.38355625
minMapCoverage:	0.44983202
shortestPathHeadingChanges:	8
minHeadingChanges:	6
