sx:	23
sy:	14
ex:	88
ey:	12
shortestPathLength:	65.44616
straightLineDistance:	65.03076
directness:	1.0063877
distanceCoverage:	0.63767904
minMapCoverage:	0.64175236
shortestPathHeadingChanges:	7
minHeadingChanges:	5
