sx:	25
sy:	5
ex:	1
ey:	13
shortestPathLength:	25.863842
straightLineDistance:	25.298222
directness:	1.0223581
distanceCoverage:	0.24806947
minMapCoverage:	0.25361583
shortestPathHeadingChanges:	4
minHeadingChanges:	4
