sx:	27
sy:	18
ex:	65
ey:	0
shortestPathLength:	43.355293
straightLineDistance:	42.047592
directness:	1.0311005
distanceCoverage:	0.41231054
minMapCoverage:	0.42513362
shortestPathHeadingChanges:	8
minHeadingChanges:	6
