sx:	29
sy:	20
ex:	31
ey:	8
shortestPathLength:	13.0415945
straightLineDistance:	12.165525
directness:	1.0720124
distanceCoverage:	0.11929279
minMapCoverage:	0.12788336
shortestPathHeadingChanges:	3
minHeadingChanges:	3
