sx:	45
sy:	15
ex:	14
ey:	17
shortestPathLength:	36.049873
straightLineDistance:	31.06445
directness:	1.1604865
distanceCoverage:	0.30461198
minMapCoverage:	0.35349807
shortestPathHeadingChanges:	6
minHeadingChanges:	5
