sx:	46
sy:	16
ex:	79
ey:	9
shortestPathLength:	36.884995
straightLineDistance:	33.734257
directness:	1.0933988
distanceCoverage:	0.3307916
minMapCoverage:	0.36168712
shortestPathHeadingChanges:	8
minHeadingChanges:	5
