sx:	53
sy:	18
ex:	64
ey:	4
shortestPathLength:	18.62815
straightLineDistance:	17.804493
directness:	1.0462612
distanceCoverage:	0.17458741
minMapCoverage:	0.18266405
shortestPathHeadingChanges:	6
minHeadingChanges:	3
