sx:	55
sy:	4
ex:	94
ey:	19
shortestPathLength:	42.647774
straightLineDistance:	41.785164
directness:	1.020644
distanceCoverage:	0.40973723
minMapCoverage:	0.4181958
shortestPathHeadingChanges:	7
minHeadingChanges:	4
