sx:	68
sy:	11
ex:	76
ey:	3
shortestPathLength:	15.255833
straightLineDistance:	11.313708
directness:	1.3484379
distanceCoverage:	0.11094003
minMapCoverage:	0.14959574
shortestPathHeadingChanges:	8
minHeadingChanges:	4
