sx:	7
sy:	16
ex:	27
ey:	10
shortestPathLength:	20.994904
straightLineDistance:	20.880613
directness:	1.0054735
distanceCoverage:	0.20475125
minMapCoverage:	0.20587197
shortestPathHeadingChanges:	5
minHeadingChanges:	3
