sx:	73
sy:	6
ex:	34
ey:	9
shortestPathLength:	41.737034
straightLineDistance:	39.115215
directness:	1.067028
distanceCoverage:	0.38355625
minMapCoverage:	0.40926528
shortestPathHeadingChanges:	9
minHeadingChanges:	5
