sx:	75
sy:	19
ex:	54
ey:	1
shortestPathLength:	27.973103
straightLineDistance:	27.658634
directness:	1.0113696
distanceCoverage:	0.27121523
minMapCoverage:	0.27429885
shortestPathHeadingChanges:	5
minHeadingChanges:	4
