sx:	8
sy:	6
ex:	63
ey:	18
shortestPathLength:	56.995773
straightLineDistance:	56.293873
directness:	1.0124685
distanceCoverage:	0.55200684
minMapCoverage:	0.5588895
shortestPathHeadingChanges:	6
minHeadingChanges:	4
