sx:	89
sy:	16
ex:	14
ey:	0
shortestPathLength:	79.238914
straightLineDistance:	76.687675
directness:	1.0332679
distanceCoverage:	0.75198454
minMapCoverage:	0.77700144
shortestPathHeadingChanges:	11
minHeadingChanges:	6
