sx:	89
sy:	4
ex:	84
ey:	12
shortestPathLength:	12.927446
straightLineDistance:	9.433981
directness:	1.3703066
distanceCoverage:	0.092507794
minMapCoverage:	0.12676404
shortestPathHeadingChanges:	6
minHeadingChanges:	4
