sx:	90
sy:	14
ex:	45
ey:	15
shortestPathLength:	45.30869
straightLineDistance:	45.01111
directness:	1.0066112
distanceCoverage:	0.44137022
minMapCoverage:	0.44428825
shortestPathHeadingChanges:	6
minHeadingChanges:	5
