sx:	90
sy:	14
ex:	11
ey:	0
shortestPathLength:	81.61085
straightLineDistance:	80.23092
directness:	1.0171995
distanceCoverage:	0.78672886
minMapCoverage:	0.8002602
shortestPathHeadingChanges:	10
minHeadingChanges:	5
