sx:	91
sy:	19
ex:	4
ey:	20
shortestPathLength:	97.64242
straightLineDistance:	87.005745
directness:	1.1222526
distanceCoverage:	0.8531615
minMapCoverage:	0.95746267
shortestPathHeadingChanges:	9
minHeadingChanges:	8
