sx:	93
sy:	11
ex:	66
ey:	14
shortestPathLength:	27.170818
straightLineDistance:	27.166155
directness:	1.0001717
distanceCoverage:	0.26638606
minMapCoverage:	0.26643178
shortestPathHeadingChanges:	3
minHeadingChanges:	3
