sx:	95
sy:	16
ex:	76
ey:	5
shortestPathLength:	22.583223
straightLineDistance:	21.954498
directness:	1.0286376
distanceCoverage:	0.21528156
minMapCoverage:	0.22144672
shortestPathHeadingChanges:	6
minHeadingChanges:	4
