sx:	97
sy:	13
ex:	54
ey:	0
shortestPathLength:	46.112663
straightLineDistance:	44.922153
directness:	1.0265017
distanceCoverage:	0.44049793
minMapCoverage:	0.45217186
shortestPathHeadingChanges:	5
minHeadingChanges:	4
