sx:	97
sy:	17
ex:	82
ey:	12
shortestPathLength:	15.879091
straightLineDistance:	15.811388
directness:	1.0042819
distanceCoverage:	0.15504341
minMapCoverage:	0.1557073
shortestPathHeadingChanges:	4
minHeadingChanges:	3
