sx:	1
sy:	13
ex:	11
ey:	9
shortestPathLength:	13.453743
straightLineDistance:	10.770329
directness:	1.2491487
distanceCoverage:	0.38078865
minMapCoverage:	0.47566164
shortestPathHeadingChanges:	7
minHeadingChanges:	5
