sx:	11
sy:	0
ex:	5
ey:	13
shortestPathLength:	15.830086
straightLineDistance:	14.3178215
directness:	1.1056211
distanceCoverage:	0.50621146
minMapCoverage:	0.5596781
shortestPathHeadingChanges:	5
minHeadingChanges:	4
