sx:	12
sy:	9
ex:	3
ey:	19
shortestPathLength:	20.142181
straightLineDistance:	13.453624
directness:	1.4971566
distanceCoverage:	0.47565743
minMapCoverage:	0.71213365
shortestPathHeadingChanges:	8
minHeadingChanges:	7
