sx:	15
sy:	19
ex:	20
ey:	10
shortestPathLength:	12.245041
straightLineDistance:	10.29563
directness:	1.1893435
distanceCoverage:	0.3640055
minMapCoverage:	0.43292758
shortestPathHeadingChanges:	4
minHeadingChanges:	4
