sx:	15
sy:	20
ex:	17
ey:	15
shortestPathLength:	7.398346
straightLineDistance:	5.3851647
directness:	1.3738384
distanceCoverage:	0.19039433
minMapCoverage:	0.26157102
shortestPathHeadingChanges:	4
minHeadingChanges:	4
