sx:	16
sy:	15
ex:	18
ey:	18
shortestPathLength:	3.828427
straightLineDistance:	3.6055512
directness:	1.0618147
distanceCoverage:	0.12747549
minMapCoverage:	0.13535534
shortestPathHeadingChanges:	3
minHeadingChanges:	3
