sx:	16
sy:	2
ex:	3
ey:	20
shortestPathLength:	27.620892
straightLineDistance:	22.203604
directness:	1.2439823
distanceCoverage:	0.78501594
minMapCoverage:	0.976546
shortestPathHeadingChanges:	10
minHeadingChanges:	8
