sx:	18
sy:	2
ex:	5
ey:	13
shortestPathLength:	21.401587
straightLineDistance:	17.029387
directness:	1.2567444
distanceCoverage:	0.60207975
minMapCoverage:	0.75666034
shortestPathHeadingChanges:	8
minHeadingChanges:	6
