sx:	3
sy:	13
ex:	9
ey:	1
shortestPathLength:	13.599577
straightLineDistance:	13.416408
directness:	1.0136527
distanceCoverage:	0.47434163
minMapCoverage:	0.48081765
shortestPathHeadingChanges:	4
minHeadingChanges:	4
