sx:	6
sy:	19
ex:	5
ey:	11
shortestPathLength:	12.728657
straightLineDistance:	8.062258
directness:	1.5787956
distanceCoverage:	0.28504387
minMapCoverage:	0.45002598
shortestPathHeadingChanges:	4
minHeadingChanges:	4
