sx:	10
sy:	109
ex:	32
ey:	71
shortestPathLength:	44.720894
straightLineDistance:	43.908997
directness:	1.0184904
distanceCoverage:	0.08738217
minMapCoverage:	0.08899791
shortestPathHeadingChanges:	7
minHeadingChanges:	4
