sx:	13
sy:	174
ex:	2
ey:	354
shortestPathLength:	184.8555
straightLineDistance:	180.3358
directness:	1.0250627
distanceCoverage:	0.35888165
minMapCoverage:	0.3678762
shortestPathHeadingChanges:	23
minHeadingChanges:	9
