sx:	13
sy:	204
ex:	38
ey:	296
shortestPathLength:	97.78595
straightLineDistance:	95.33625
directness:	1.0256953
distanceCoverage:	0.18972623
minMapCoverage:	0.19460131
shortestPathHeadingChanges:	9
minHeadingChanges:	7
