sx:	14
sy:	223
ex:	3
ey:	32
shortestPathLength:	195.16516
straightLineDistance:	191.3165
directness:	1.0201167
distanceCoverage:	0.38073406
minMapCoverage:	0.3883932
shortestPathHeadingChanges:	22
minHeadingChanges:	11
