sx:	14
sy:	420
ex:	15
ey:	433
shortestPathLength:	13.708204
straightLineDistance:	13.038404
directness:	1.0513713
distanceCoverage:	0.025947396
minMapCoverage:	0.027280346
shortestPathHeadingChanges:	5
minHeadingChanges:	4
