sx:	16
sy:	185
ex:	8
ey:	286
shortestPathLength:	111.90285
straightLineDistance:	101.31634
directness:	1.1044897
distanceCoverage:	0.20162705
minMapCoverage:	0.222695
shortestPathHeadingChanges:	19
minHeadingChanges:	9
