sx:	17
sy:	133
ex:	25
ey:	255
shortestPathLength:	123.57649
straightLineDistance:	122.26202
directness:	1.0107512
distanceCoverage:	0.24331051
minMapCoverage:	0.24592641
shortestPathHeadingChanges:	16
minHeadingChanges:	6
