sx:	17
sy:	134
ex:	28
ey:	359
shortestPathLength:	227.7086
straightLineDistance:	225.26872
directness:	1.010831
distanceCoverage:	0.44830152
minMapCoverage:	0.45315707
shortestPathHeadingChanges:	23
minHeadingChanges:	11
