sx:	17
sy:	281
ex:	21
ey:	237
shortestPathLength:	45.24701
straightLineDistance:	44.181442
directness:	1.024118
distanceCoverage:	0.087924354
minMapCoverage:	0.090044916
shortestPathHeadingChanges:	11
minHeadingChanges:	5
