sx:	19
sy:	83
ex:	45
ey:	15
shortestPathLength:	74.12877
straightLineDistance:	72.8011
directness:	1.0182369
distanceCoverage:	0.14487961
minMapCoverage:	0.14752176
shortestPathHeadingChanges:	9
minHeadingChanges:	4
