sx:	2
sy:	299
ex:	50
ey:	5
shortestPathLength:	301.83954
straightLineDistance:	297.8926
directness:	1.0132495
distanceCoverage:	0.59282845
minMapCoverage:	0.60068315
shortestPathHeadingChanges:	28
minHeadingChanges:	15
