sx:	2
sy:	402
ex:	3
ey:	347
shortestPathLength:	56.30534
straightLineDistance:	55.00909
directness:	1.0235642
distanceCoverage:	0.109472185
minMapCoverage:	0.112051815
shortestPathHeadingChanges:	9
minHeadingChanges:	5
