sx:	20
sy:	343
ex:	44
ey:	397
shortestPathLength:	59.363758
straightLineDistance:	59.093147
directness:	1.0045794
distanceCoverage:	0.11759976
minMapCoverage:	0.1181383
shortestPathHeadingChanges:	10
minHeadingChanges:	4
