sx:	21
sy:	8
ex:	27
ey:	372
shortestPathLength:	368.11926
straightLineDistance:	364.04944
directness:	1.0111793
distanceCoverage:	0.72448546
minMapCoverage:	0.7325847
shortestPathHeadingChanges:	33
minHeadingChanges:	16
