sx:	23
sy:	421
ex:	12
ey:	385
shortestPathLength:	41.792618
straightLineDistance:	37.64306
directness:	1.1102344
distanceCoverage:	0.07491249
minMapCoverage:	0.08317042
shortestPathHeadingChanges:	9
minHeadingChanges:	5
