sx:	27
sy:	290
ex:	18
ey:	112
shortestPathLength:	179.32793
straightLineDistance:	178.22739
directness:	1.0061749
distanceCoverage:	0.35468575
minMapCoverage:	0.35687593
shortestPathHeadingChanges:	23
minHeadingChanges:	10
