sx:	27
sy:	489
ex:	18
ey:	434
shortestPathLength:	61.91839
straightLineDistance:	55.7315
directness:	1.1110125
distanceCoverage:	0.11090983
minMapCoverage:	0.1232222
shortestPathHeadingChanges:	10
minHeadingChanges:	6
