sx:	28
sy:	415
ex:	23
ey:	158
shortestPathLength:	260.99713
straightLineDistance:	257.04865
directness:	1.0153608
distanceCoverage:	0.51154596
minMapCoverage:	0.5194037
shortestPathHeadingChanges:	22
minHeadingChanges:	11
