sx:	3
sy:	434
ex:	32
ey:	267
shortestPathLength:	171.62573
straightLineDistance:	169.49927
directness:	1.0125456
distanceCoverage:	0.33731616
minMapCoverage:	0.34154797
shortestPathHeadingChanges:	16
minHeadingChanges:	8
