sx:	31
sy:	285
ex:	26
ey:	53
shortestPathLength:	236.09181
straightLineDistance:	232.05388
directness:	1.0174009
distanceCoverage:	0.46180448
minMapCoverage:	0.46984026
shortestPathHeadingChanges:	24
minHeadingChanges:	11
