sx:	32
sy:	123
ex:	44
ey:	264
shortestPathLength:	142.92287
straightLineDistance:	141.50972
directness:	1.0099862
distanceCoverage:	0.28161487
minMapCoverage:	0.28442714
shortestPathHeadingChanges:	21
minHeadingChanges:	7
