sx:	34
sy:	491
ex:	2
ey:	306
shortestPathLength:	192.6439
straightLineDistance:	187.74718
directness:	1.0260816
distanceCoverage:	0.37363085
minMapCoverage:	0.3833757
shortestPathHeadingChanges:	22
minHeadingChanges:	12
