sx:	35
sy:	329
ex:	48
ey:	221
shortestPathLength:	109.40602
straightLineDistance:	108.779594
directness:	1.0057586
distanceCoverage:	0.21647948
minMapCoverage:	0.21772613
shortestPathHeadingChanges:	8
minHeadingChanges:	6
