sx:	36
sy:	91
ex:	17
ey:	53
shortestPathLength:	47.4178
straightLineDistance:	42.48529
directness:	1.1160992
distanceCoverage:	0.08454889
minMapCoverage:	0.09436495
shortestPathHeadingChanges:	10
minHeadingChanges:	3
