sx:	39
sy:	338
ex:	27
ey:	155
shortestPathLength:	186.10794
straightLineDistance:	183.39302
directness:	1.0148039
distanceCoverage:	0.36496577
minMapCoverage:	0.37036866
shortestPathHeadingChanges:	18
minHeadingChanges:	10
