sx:	40
sy:	293
ex:	43
ey:	428
shortestPathLength:	137.33852
straightLineDistance:	135.03333
directness:	1.0170712
distanceCoverage:	0.26872638
minMapCoverage:	0.27331388
shortestPathHeadingChanges:	17
minHeadingChanges:	6
