sx:	40
sy:	43
ex:	17
ey:	361
shortestPathLength:	323.04477
straightLineDistance:	318.8307
directness:	1.0132173
distanceCoverage:	0.6344968
minMapCoverage:	0.6428831
shortestPathHeadingChanges:	28
minHeadingChanges:	15
