sx:	40
sy:	81
ex:	45
ey:	127
shortestPathLength:	47.39015
straightLineDistance:	46.270943
directness:	1.024188
distanceCoverage:	0.09208262
minMapCoverage:	0.09430992
shortestPathHeadingChanges:	9
minHeadingChanges:	5
