sx:	41
sy:	231
ex:	34
ey:	49
shortestPathLength:	183.06537
straightLineDistance:	182.13457
directness:	1.0051105
distanceCoverage:	0.36246133
minMapCoverage:	0.3643137
shortestPathHeadingChanges:	14
minHeadingChanges:	8
