sx:	42
sy:	34
ex:	32
ey:	332
shortestPathLength:	302.24197
straightLineDistance:	298.16772
directness:	1.0136642
distanceCoverage:	0.593376
minMapCoverage:	0.601484
shortestPathHeadingChanges:	25
minHeadingChanges:	13
