sx:	43
sy:	120
ex:	44
ey:	5
shortestPathLength:	117.85756
straightLineDistance:	115.00435
directness:	1.0248096
distanceCoverage:	0.22886722
minMapCoverage:	0.2345453
shortestPathHeadingChanges:	12
minHeadingChanges:	6
