sx:	44
sy:	17
ex:	28
ey:	131
shortestPathLength:	116.7498
straightLineDistance:	115.11733
directness:	1.0141809
distanceCoverage:	0.22909206
minMapCoverage:	0.2323408
shortestPathHeadingChanges:	13
minHeadingChanges:	6
