sx:	44
sy:	94
ex:	8
ey:	88
shortestPathLength:	37.590927
straightLineDistance:	36.496574
directness:	1.0299851
distanceCoverage:	0.0726309
minMapCoverage:	0.07480874
shortestPathHeadingChanges:	5
minHeadingChanges:	4
