sx:	46
sy:	258
ex:	3
ey:	197
shortestPathLength:	77.63813
straightLineDistance:	74.63243
directness:	1.0402733
distanceCoverage:	0.14852409
minMapCoverage:	0.15450566
shortestPathHeadingChanges:	12
minHeadingChanges:	6
