sx:	46
sy:	237
ex:	42
ey:	436
shortestPathLength:	200.95157
straightLineDistance:	199.04019
directness:	1.009603
distanceCoverage:	0.39610478
minMapCoverage:	0.39990857
shortestPathHeadingChanges:	26
minHeadingChanges:	10
