sx:	46
sy:	357
ex:	37
ey:	209
shortestPathLength:	149.73897
straightLineDistance:	148.27339
directness:	1.0098842
distanceCoverage:	0.2950751
minMapCoverage:	0.2979917
shortestPathHeadingChanges:	17
minHeadingChanges:	8
