sx:	47
sy:	366
ex:	29
ey:	24
shortestPathLength:	344.51602
straightLineDistance:	342.47336
directness:	1.0059644
distanceCoverage:	0.68154746
minMapCoverage:	0.6856125
shortestPathHeadingChanges:	29
minHeadingChanges:	14
