sx:	47
sy:	479
ex:	47
ey:	70
shortestPathLength:	416.74307
straightLineDistance:	409.0
directness:	1.0189317
distanceCoverage:	0.8139404
minMapCoverage:	0.8293497
shortestPathHeadingChanges:	42
minHeadingChanges:	17
