sx:	48
sy:	61
ex:	50
ey:	319
shortestPathLength:	261.87283
straightLineDistance:	258.00775
directness:	1.0149804
distanceCoverage:	0.5134546
minMapCoverage:	0.5211464
shortestPathHeadingChanges:	24
minHeadingChanges:	12
