sx:	49
sy:	226
ex:	27
ey:	166
shortestPathLength:	65.43764
straightLineDistance:	63.90618
directness:	1.0239642
distanceCoverage:	0.12717806
minMapCoverage:	0.13022576
shortestPathHeadingChanges:	10
minHeadingChanges:	4
