sx:	49
sy:	206
ex:	16
ey:	295
shortestPathLength:	96.03972
straightLineDistance:	94.92102
directness:	1.0117856
distanceCoverage:	0.18889989
minMapCoverage:	0.19112618
shortestPathHeadingChanges:	9
minHeadingChanges:	5
