sx:	49
sy:	407
ex:	19
ey:	56
shortestPathLength:	362.62143
straightLineDistance:	352.27972
directness:	1.0293565
distanceCoverage:	0.70106286
minMapCoverage:	0.7216436
shortestPathHeadingChanges:	39
minHeadingChanges:	16
