sx:	5
sy:	307
ex:	44
ey:	383
shortestPathLength:	87.81032
straightLineDistance:	85.42248
directness:	1.0279533
distanceCoverage:	0.16999708
minMapCoverage:	0.17474906
shortestPathHeadingChanges:	14
minHeadingChanges:	8
