sx:	50
sy:	454
ex:	14
ey:	169
shortestPathLength:	294.90945
straightLineDistance:	287.26468
directness:	1.0266123
distanceCoverage:	0.5716781
minMapCoverage:	0.5868918
shortestPathHeadingChanges:	24
minHeadingChanges:	12
