sx:	8
sy:	338
ex:	47
ey:	109
shortestPathLength:	236.1953
straightLineDistance:	232.29723
directness:	1.0167805
distanceCoverage:	0.46228877
minMapCoverage:	0.47004622
shortestPathHeadingChanges:	27
minHeadingChanges:	12
