sx:	9
sy:	244
ex:	1
ey:	467
shortestPathLength:	226.62727
straightLineDistance:	223.14345
directness:	1.0156125
distanceCoverage:	0.44407207
minMapCoverage:	0.45100513
shortestPathHeadingChanges:	18
minHeadingChanges:	8
