sx:	9
sy:	419
ex:	0
ey:	467
shortestPathLength:	49.74578
straightLineDistance:	48.83646
directness:	1.0186197
distanceCoverage:	0.09718819
minMapCoverage:	0.09899781
shortestPathHeadingChanges:	8
minHeadingChanges:	5
