sx:	9
sy:	496
ex:	6
ey:	28
shortestPathLength:	476.29932
straightLineDistance:	468.0096
directness:	1.0177127
distanceCoverage:	0.93137395
minMapCoverage:	0.9478711
shortestPathHeadingChanges:	49
minHeadingChanges:	21
