sx:	0
sy:	138
ex:	1
ey:	173
shortestPathLength:	36.8629
straightLineDistance:	35.014282
directness:	1.0527961
distanceCoverage:	0.17420256
minMapCoverage:	0.18339978
shortestPathHeadingChanges:	7
minHeadingChanges:	5
