sx:	0
sy:	138
ex:	8
ey:	129
shortestPathLength:	12.0415945
straightLineDistance:	12.0415945
directness:	1.0
distanceCoverage:	0.059909172
minMapCoverage:	0.059909172
shortestPathHeadingChanges:	2
minHeadingChanges:	2
