sx:	0
sy:	184
ex:	1
ey:	147
shortestPathLength:	42.99323
straightLineDistance:	37.01351
directness:	1.1615549
distanceCoverage:	0.1841491
minMapCoverage:	0.21389931
shortestPathHeadingChanges:	6
minHeadingChanges:	6
