sx:	10
sy:	156
ex:	2
ey:	73
shortestPathLength:	91.22565
straightLineDistance:	83.38465
directness:	1.0940341
distanceCoverage:	0.41485414
minMapCoverage:	0.45386454
shortestPathHeadingChanges:	14
minHeadingChanges:	7
