sx:	10
sy:	69
ex:	0
ey:	88
shortestPathLength:	22.722767
straightLineDistance:	21.470911
directness:	1.0583048
distanceCoverage:	0.106821775
minMapCoverage:	0.11304999
shortestPathHeadingChanges:	6
minHeadingChanges:	4
