sx:	11
sy:	47
ex:	12
ey:	132
shortestPathLength:	86.07454
straightLineDistance:	85.00588
directness:	1.0125716
distanceCoverage:	0.42292008
minMapCoverage:	0.42823684
shortestPathHeadingChanges:	8
minHeadingChanges:	6
