sx:	11
sy:	53
ex:	13
ey:	4
shortestPathLength:	49.839367
straightLineDistance:	49.0408
directness:	1.0162838
distanceCoverage:	0.24398708
minMapCoverage:	0.24796012
shortestPathHeadingChanges:	10
minHeadingChanges:	5
