sx:	12
sy:	173
ex:	8
ey:	88
shortestPathLength:	85.69588
straightLineDistance:	85.09406
directness:	1.0070723
distanceCoverage:	0.4233588
minMapCoverage:	0.42635292
shortestPathHeadingChanges:	9
minHeadingChanges:	6
