sx:	12
sy:	137
ex:	18
ey:	84
shortestPathLength:	53.629105
straightLineDistance:	53.338543
directness:	1.0054475
distanceCoverage:	0.26536918
minMapCoverage:	0.26681477
shortestPathHeadingChanges:	4
minHeadingChanges:	4
