sx:	12
sy:	58
ex:	13
ey:	90
shortestPathLength:	37.06487
straightLineDistance:	32.01562
directness:	1.157712
distanceCoverage:	0.15928367
minMapCoverage:	0.18440461
shortestPathHeadingChanges:	7
minHeadingChanges:	5
