sx:	13
sy:	144
ex:	1
ey:	158
shortestPathLength:	19.407112
straightLineDistance:	18.439089
directness:	1.0524985
distanceCoverage:	0.091737896
minMapCoverage:	0.09655399
shortestPathHeadingChanges:	7
minHeadingChanges:	5
