sx:	13
sy:	166
ex:	8
ey:	150
shortestPathLength:	16.811388
straightLineDistance:	16.763054
directness:	1.0028833
distanceCoverage:	0.08339931
minMapCoverage:	0.08363978
shortestPathHeadingChanges:	3
minHeadingChanges:	3
