sx:	13
sy:	60
ex:	20
ey:	26
shortestPathLength:	39.570606
straightLineDistance:	34.713108
directness:	1.1399326
distanceCoverage:	0.17270416
minMapCoverage:	0.19687112
shortestPathHeadingChanges:	10
minHeadingChanges:	4
