sx:	13
sy:	73
ex:	4
ey:	56
shortestPathLength:	19.238169
straightLineDistance:	19.235384
directness:	1.0001447
distanceCoverage:	0.09569961
minMapCoverage:	0.09571347
shortestPathHeadingChanges:	3
minHeadingChanges:	3
