sx:	15
sy:	133
ex:	8
ey:	74
shortestPathLength:	59.65449
straightLineDistance:	59.413803
directness:	1.0040511
distanceCoverage:	0.29559472
minMapCoverage:	0.29679218
shortestPathHeadingChanges:	6
minHeadingChanges:	4
