sx:	15
sy:	133
ex:	2
ey:	164
shortestPathLength:	34.938652
straightLineDistance:	33.61547
directness:	1.0393623
distanceCoverage:	0.16724321
minMapCoverage:	0.17382629
shortestPathHeadingChanges:	9
minHeadingChanges:	5
