sx:	16
sy:	23
ex:	9
ey:	145
shortestPathLength:	124.82402
straightLineDistance:	122.20065
directness:	1.0214677
distanceCoverage:	0.60797095
minMapCoverage:	0.6210227
shortestPathHeadingChanges:	15
minHeadingChanges:	8
