sx:	17
sy:	140
ex:	18
ey:	157
shortestPathLength:	17.04536
straightLineDistance:	17.029387
directness:	1.000938
distanceCoverage:	0.08472437
minMapCoverage:	0.084803835
shortestPathHeadingChanges:	3
minHeadingChanges:	3
