sx:	18
sy:	132
ex:	11
ey:	140
shortestPathLength:	10.72135
straightLineDistance:	10.630146
directness:	1.0085797
distanceCoverage:	0.05288695
minMapCoverage:	0.053340707
shortestPathHeadingChanges:	4
minHeadingChanges:	3
