sx:	18
sy:	48
ex:	0
ey:	170
shortestPathLength:	126.6849
straightLineDistance:	123.32072
directness:	1.02728
distanceCoverage:	0.6135435
minMapCoverage:	0.6302809
shortestPathHeadingChanges:	14
minHeadingChanges:	10
