sx:	19
sy:	110
ex:	15
ey:	18
shortestPathLength:	97.62738
straightLineDistance:	92.086914
directness:	1.0601656
distanceCoverage:	0.45814952
minMapCoverage:	0.48571438
shortestPathHeadingChanges:	10
minHeadingChanges:	7
