sx:	19
sy:	81
ex:	3
ey:	133
shortestPathLength:	55.763733
straightLineDistance:	54.405884
directness:	1.0249578
distanceCoverage:	0.27067938
minMapCoverage:	0.27743495
shortestPathHeadingChanges:	8
minHeadingChanges:	5
