sx:	19
sy:	86
ex:	14
ey:	175
shortestPathLength:	90.68014
straightLineDistance:	89.140335
directness:	1.0172739
distanceCoverage:	0.44348973
minMapCoverage:	0.45115054
shortestPathHeadingChanges:	8
minHeadingChanges:	6
