sx:	19
sy:	93
ex:	18
ey:	64
shortestPathLength:	36.814384
straightLineDistance:	29.017237
directness:	1.2687074
distanceCoverage:	0.14436615
minMapCoverage:	0.18315841
shortestPathHeadingChanges:	7
minHeadingChanges:	5
