sx:	2
sy:	14
ex:	17
ey:	175
shortestPathLength:	167.81952
straightLineDistance:	161.69725
directness:	1.0378625
distanceCoverage:	0.8044739
minMapCoverage:	0.83493334
shortestPathHeadingChanges:	18
minHeadingChanges:	10
