sx:	20
sy:	62
ex:	18
ey:	39
shortestPathLength:	24.272026
straightLineDistance:	23.086792
directness:	1.0513382
distanceCoverage:	0.114861086
minMapCoverage:	0.12075784
shortestPathHeadingChanges:	6
minHeadingChanges:	4
