sx:	4
sy:	123
ex:	7
ey:	88
shortestPathLength:	35.421494
straightLineDistance:	35.128338
directness:	1.0083452
distanceCoverage:	0.17477001
minMapCoverage:	0.17622852
shortestPathHeadingChanges:	5
minHeadingChanges:	4
