sx:	4
sy:	129
ex:	14
ey:	181
shortestPathLength:	54.95598
straightLineDistance:	52.95281
directness:	1.0378294
distanceCoverage:	0.26345006
minMapCoverage:	0.27341622
shortestPathHeadingChanges:	6
minHeadingChanges:	5
