sx:	4
sy:	79
ex:	13
ey:	121
shortestPathLength:	43.20965
straightLineDistance:	42.953465
directness:	1.0059642
distanceCoverage:	0.21370147
minMapCoverage:	0.21497603
shortestPathHeadingChanges:	5
minHeadingChanges:	4
