sx:	5
sy:	40
ex:	0
ey:	197
shortestPathLength:	159.10309
straightLineDistance:	157.0796
directness:	1.0128819
distanceCoverage:	0.7815002
minMapCoverage:	0.79156744
shortestPathHeadingChanges:	12
minHeadingChanges:	10
