sx:	5
sy:	44
ex:	20
ey:	98
shortestPathLength:	59.179665
straightLineDistance:	56.044624
directness:	1.0559382
distanceCoverage:	0.27883244
minMapCoverage:	0.29442984
shortestPathHeadingChanges:	7
minHeadingChanges:	6
