sx:	6
sy:	45
ex:	13
ey:	151
shortestPathLength:	108.36204
straightLineDistance:	106.23088
directness:	1.0200616
distanceCoverage:	0.5285184
minMapCoverage:	0.53912127
shortestPathHeadingChanges:	11
minHeadingChanges:	8
