sx:	6
sy:	4
ex:	14
ey:	100
shortestPathLength:	102.45743
straightLineDistance:	96.332756
directness:	1.0635782
distanceCoverage:	0.47927338
minMapCoverage:	0.50974476
shortestPathHeadingChanges:	14
minHeadingChanges:	8
