sx:	6
sy:	56
ex:	0
ey:	18
shortestPathLength:	38.78867
straightLineDistance:	38.470768
directness:	1.0082635
distanceCoverage:	0.19139922
minMapCoverage:	0.19298084
shortestPathHeadingChanges:	5
minHeadingChanges:	3
