sx:	6
sy:	82
ex:	19
ey:	145
shortestPathLength:	65.44744
straightLineDistance:	64.327286
directness:	1.0174134
distanceCoverage:	0.3200402
minMapCoverage:	0.3256132
shortestPathHeadingChanges:	6
minHeadingChanges:	5
