sx:	6
sy:	93
ex:	0
ey:	60
shortestPathLength:	35.504204
straightLineDistance:	33.54102
directness:	1.0585308
distanceCoverage:	0.16687281
minMapCoverage:	0.17664002
shortestPathHeadingChanges:	9
minHeadingChanges:	5
