sx:	7
sy:	170
ex:	2
ey:	52
shortestPathLength:	120.52017
straightLineDistance:	118.10589
directness:	1.0204417
distanceCoverage:	0.58759874
minMapCoverage:	0.59961027
shortestPathHeadingChanges:	15
minHeadingChanges:	9
