sx:	7
sy:	50
ex:	15
ey:	12
shortestPathLength:	38.917015
straightLineDistance:	38.832977
directness:	1.0021641
distanceCoverage:	0.19320129
minMapCoverage:	0.19361939
shortestPathHeadingChanges:	4
minHeadingChanges:	4
