sx:	8
sy:	49
ex:	20
ey:	106
shortestPathLength:	63.381058
straightLineDistance:	58.249462
directness:	1.0880969
distanceCoverage:	0.2898019
minMapCoverage:	0.31533256
shortestPathHeadingChanges:	9
minHeadingChanges:	6
