sx:	10
sy:	29
ex:	39
ey:	83
shortestPathLength:	65.64513
straightLineDistance:	61.294373
directness:	1.0709813
distanceCoverage:	0.29994413
minMapCoverage:	0.32123455
shortestPathHeadingChanges:	6
minHeadingChanges:	4
