sx:	102
sy:	49
ex:	26
ey:	62
shortestPathLength:	83.38025
straightLineDistance:	77.10383
directness:	1.0814022
distanceCoverage:	0.37730774
minMapCoverage:	0.40802142
shortestPathHeadingChanges:	7
minHeadingChanges:	4
