sx:	102
sy:	46
ex:	97
ey:	77
shortestPathLength:	45.09435
straightLineDistance:	31.400637
directness:	1.4360967
distanceCoverage:	0.15365908
minMapCoverage:	0.22066928
shortestPathHeadingChanges:	5
minHeadingChanges:	3
