sx:	105
sy:	139
ex:	100
ey:	14
shortestPathLength:	131.95862
straightLineDistance:	125.09996
directness:	1.0548254
distanceCoverage:	0.6121769
minMapCoverage:	0.64573973
shortestPathHeadingChanges:	5
minHeadingChanges:	4
