sx:	107
sy:	19
ex:	45
ey:	142
shortestPathLength:	141.0841
straightLineDistance:	137.74251
directness:	1.0242598
distanceCoverage:	0.67404324
minMapCoverage:	0.69039536
shortestPathHeadingChanges:	4
minHeadingChanges:	4
