sx:	108
sy:	110
ex:	74
ey:	152
shortestPathLength:	99.39453
straightLineDistance:	54.037025
directness:	1.8393782
distanceCoverage:	0.26443028
minMapCoverage:	0.48638734
shortestPathHeadingChanges:	10
minHeadingChanges:	5
