sx:	113
sy:	5
ex:	29
ey:	145
shortestPathLength:	166.1525
straightLineDistance:	163.26665
directness:	1.0176756
distanceCoverage:	0.79894567
minMapCoverage:	0.81306756
shortestPathHeadingChanges:	4
minHeadingChanges:	4
