sx:	116
sy:	33
ex:	44
ey:	72
shortestPathLength:	111.16893
straightLineDistance:	81.88406
directness:	1.3576381
distanceCoverage:	0.40069982
minMapCoverage:	0.5440054
shortestPathHeadingChanges:	12
minHeadingChanges:	5
