sx:	117
sy:	34
ex:	1
ey:	54
shortestPathLength:	126.152336
straightLineDistance:	117.71151
directness:	1.0717077
distanceCoverage:	0.5760215
minMapCoverage:	0.6173267
shortestPathHeadingChanges:	9
minHeadingChanges:	6
