sx:	119
sy:	43
ex:	68
ey:	35
shortestPathLength:	60.79644
straightLineDistance:	51.62364
directness:	1.1776861
distanceCoverage:	0.25262037
minMapCoverage:	0.2975075
shortestPathHeadingChanges:	6
minHeadingChanges:	4
