sx:	122
sy:	56
ex:	52
ey:	146
shortestPathLength:	147.34647
straightLineDistance:	114.01754
directness:	1.292314
distanceCoverage:	0.5579451
minMapCoverage:	0.72104025
shortestPathHeadingChanges:	8
minHeadingChanges:	6
