sx:	122
sy:	104
ex:	41
ey:	59
shortestPathLength:	96.28781
straightLineDistance:	92.660675
directness:	1.0391443
distanceCoverage:	0.45343518
minMapCoverage:	0.47118458
shortestPathHeadingChanges:	5
minHeadingChanges:	3
