sx:	13
sy:	34
ex:	106
ey:	119
shortestPathLength:	136.42654
straightLineDistance:	125.992065
directness:	1.0828185
distanceCoverage:	0.6165424
minMapCoverage:	0.66760355
shortestPathHeadingChanges:	9
minHeadingChanges:	4
