sx:	130
sy:	133
ex:	73
ey:	86
shortestPathLength:	84.92256
straightLineDistance:	73.87828
directness:	1.149493
distanceCoverage:	0.3615235
minMapCoverage:	0.4155687
shortestPathHeadingChanges:	7
minHeadingChanges:	4
