sx:	15
sy:	70
ex:	87
ey:	104
shortestPathLength:	79.92339
straightLineDistance:	79.624115
directness:	1.0037587
distanceCoverage:	0.38964075
minMapCoverage:	0.3911053
shortestPathHeadingChanges:	4
minHeadingChanges:	4
