sx:	22
sy:	139
ex:	15
ey:	28
shortestPathLength:	133.91875
straightLineDistance:	111.220505
directness:	1.2040832
distanceCoverage:	0.54425776
minMapCoverage:	0.6553317
shortestPathHeadingChanges:	9
minHeadingChanges:	4
