sx:	27
sy:	138
ex:	108
ey:	117
shortestPathLength:	90.41659
straightLineDistance:	83.677956
directness:	1.0805305
distanceCoverage:	0.40947825
minMapCoverage:	0.44245374
shortestPathHeadingChanges:	4
minHeadingChanges:	4
