sx:	28
sy:	8
ex:	108
ey:	60
shortestPathLength:	111.36749
straightLineDistance:	95.41489
directness:	1.167192
distanceCoverage:	0.46691293
minMapCoverage:	0.54497707
shortestPathHeadingChanges:	9
minHeadingChanges:	5
