sx:	32
sy:	70
ex:	51
ey:	48
shortestPathLength:	37.96074
straightLineDistance:	29.068884
directness:	1.3058891
distanceCoverage:	0.14224865
minMapCoverage:	0.18576095
shortestPathHeadingChanges:	8
minHeadingChanges:	4
