sx:	39
sy:	56
ex:	72
ey:	27
shortestPathLength:	80.10316
straightLineDistance:	43.931767
directness:	1.8233539
distanceCoverage:	0.21498019
minMapCoverage:	0.39198497
shortestPathHeadingChanges:	14
minHeadingChanges:	5
