sx:	40
sy:	55
ex:	19
ey:	107
shortestPathLength:	109.28227
straightLineDistance:	56.0803
directness:	1.9486749
distanceCoverage:	0.27442905
minMapCoverage:	0.534773
shortestPathHeadingChanges:	12
minHeadingChanges:	6
