sx:	41
sy:	128
ex:	15
ey:	65
shortestPathLength:	80.9037
straightLineDistance:	68.154236
directness:	1.1870679
distanceCoverage:	0.33351287
minMapCoverage:	0.39590243
shortestPathHeadingChanges:	5
minHeadingChanges:	3
