sx:	45
sy:	114
ex:	70
ey:	11
shortestPathLength:	118.69693
straightLineDistance:	105.99056
directness:	1.1198821
distanceCoverage:	0.518665
minMapCoverage:	0.5808437
shortestPathHeadingChanges:	6
minHeadingChanges:	5
