sx:	45
sy:	109
ex:	97
ey:	36
shortestPathLength:	94.201065
straightLineDistance:	89.62701
directness:	1.0510343
distanceCoverage:	0.43858993
minMapCoverage:	0.46097308
shortestPathHeadingChanges:	5
minHeadingChanges:	4
