sx:	46
sy:	36
ex:	55
ey:	98
shortestPathLength:	71.32103
straightLineDistance:	62.649822
directness:	1.1384076
distanceCoverage:	0.30657703
minMapCoverage:	0.3490096
shortestPathHeadingChanges:	5
minHeadingChanges:	3
