sx:	46
sy:	97
ex:	121
ey:	49
shortestPathLength:	112.62561
straightLineDistance:	89.04493
directness:	1.2648178
distanceCoverage:	0.43574154
minMapCoverage:	0.55113363
shortestPathHeadingChanges:	10
minHeadingChanges:	6
