sx:	50
sy:	128
ex:	72
ey:	69
shortestPathLength:	63.114796
straightLineDistance:	62.968246
directness:	1.0023273
distanceCoverage:	0.30813524
minMapCoverage:	0.30885237
shortestPathHeadingChanges:	3
minHeadingChanges:	3
