sx:	52
sy:	145
ex:	117
ey:	13
shortestPathLength:	153.38019
straightLineDistance:	147.13599
directness:	1.0424383
distanceCoverage:	0.7200102
minMapCoverage:	0.75056624
shortestPathHeadingChanges:	5
minHeadingChanges:	5
