sx:	59
sy:	131
ex:	57
ey:	70
shortestPathLength:	64.461784
straightLineDistance:	61.03278
directness:	1.056183
distanceCoverage:	0.29866403
minMapCoverage:	0.31544387
shortestPathHeadingChanges:	7
minHeadingChanges:	4
