sx:	60
sy:	107
ex:	28
ey:	106
shortestPathLength:	41.34563
straightLineDistance:	32.01562
directness:	1.2914206
distanceCoverage:	0.1566685
minMapCoverage:	0.20232493
shortestPathHeadingChanges:	5
minHeadingChanges:	3
