sx:	61
sy:	142
ex:	79
ey:	53
shortestPathLength:	98.72055
straightLineDistance:	90.80198
directness:	1.0872071
distanceCoverage:	0.44433966
minMapCoverage:	0.4830892
shortestPathHeadingChanges:	6
minHeadingChanges:	5
