sx:	62
sy:	96
ex:	38
ey:	54
shortestPathLength:	56.98164
straightLineDistance:	48.373547
directness:	1.1779504
distanceCoverage:	0.23671605
minMapCoverage:	0.27883977
shortestPathHeadingChanges:	8
minHeadingChanges:	5
