sx:	65
sy:	131
ex:	66
ey:	91
shortestPathLength:	58.832985
straightLineDistance:	40.012497
directness:	1.4703653
distanceCoverage:	0.19580123
minMapCoverage:	0.28789932
shortestPathHeadingChanges:	8
minHeadingChanges:	4
