sx:	74
sy:	119
ex:	81
ey:	68
shortestPathLength:	67.922104
straightLineDistance:	51.47815
directness:	1.3194356
distanceCoverage:	0.25190842
minMapCoverage:	0.33237696
shortestPathHeadingChanges:	8
minHeadingChanges:	4
