sx:	79
sy:	149
ex:	31
ey:	19
shortestPathLength:	154.93971
straightLineDistance:	138.57849
directness:	1.1180646
distanceCoverage:	0.67813414
minMapCoverage:	0.7581978
shortestPathHeadingChanges:	10
minHeadingChanges:	7
