sx:	79
sy:	46
ex:	50
ey:	59
shortestPathLength:	35.097237
straightLineDistance:	31.780497
directness:	1.104364
distanceCoverage:	0.15551792
minMapCoverage:	0.1717484
shortestPathHeadingChanges:	4
minHeadingChanges:	3
