sx:	80
sy:	33
ex:	116
ey:	87
shortestPathLength:	70.325806
straightLineDistance:	64.899925
directness:	1.0836039
distanceCoverage:	0.3175879
minMapCoverage:	0.34413946
shortestPathHeadingChanges:	4
minHeadingChanges:	4
