sx:	83
sy:	24
ex:	44
ey:	150
shortestPathLength:	133.00021
straightLineDistance:	131.89769
directness:	1.008359
distanceCoverage:	0.6454416
minMapCoverage:	0.6508368
shortestPathHeadingChanges:	6
minHeadingChanges:	6
