sx:	86
sy:	78
ex:	29
ey:	12
shortestPathLength:	87.45953
straightLineDistance:	87.20665
directness:	1.0028998
distanceCoverage:	0.42674592
minMapCoverage:	0.4279834
shortestPathHeadingChanges:	4
minHeadingChanges:	4
