sx:	9
sy:	125
ex:	104
ey:	61
shortestPathLength:	154.0636
straightLineDistance:	114.546936
directness:	1.3449823
distanceCoverage:	0.56053567
minMapCoverage:	0.75391054
shortestPathHeadingChanges:	13
minHeadingChanges:	7
