sx:	93
sy:	55
ex:	69
ey:	85
shortestPathLength:	46.10508
straightLineDistance:	38.418747
directness:	1.2000673
distanceCoverage:	0.18800221
minMapCoverage:	0.2256153
shortestPathHeadingChanges:	6
minHeadingChanges:	3
