sx:	97
sy:	74
ex:	53
ey:	85
shortestPathLength:	73.467964
straightLineDistance:	45.35416
directness:	1.6198727
distanceCoverage:	0.22194067
minMapCoverage:	0.35951564
shortestPathHeadingChanges:	8
minHeadingChanges:	4
