sx:	0
sy:	0
ex:	11
ey:	11
shortestPathLength:	48.781956
straightLineDistance:	15.556349
directness:	3.135823
distanceCoverage:	0.8737316
minMapCoverage:	2.7398677
shortestPathHeadingChanges:	14
minHeadingChanges:	14
