sx:	11
sy:	17
ex:	2
ey:	3
shortestPathLength:	17.381405
straightLineDistance:	16.643316
directness:	1.0443474
distanceCoverage:	0.5884301
minMapCoverage:	0.61452544
shortestPathHeadingChanges:	4
minHeadingChanges:	3
