sx:	13
sy:	1
ex:	17
ey:	14
shortestPathLength:	13.631376
straightLineDistance:	13.601471
directness:	1.0021987
distanceCoverage:	0.4808846
minMapCoverage:	0.48194194
shortestPathHeadingChanges:	3
minHeadingChanges:	3
