sx:	17
sy:	20
ex:	14
ey:	9
shortestPathLength:	11.403215
straightLineDistance:	11.401754
directness:	1.0001281
distanceCoverage:	0.4031129
minMapCoverage:	0.40316454
shortestPathHeadingChanges:	3
minHeadingChanges:	3
