sx:	19
sy:	14
ex:	6
ey:	8
shortestPathLength:	14.928389
straightLineDistance:	14.3178215
directness:	1.0426439
distanceCoverage:	0.50621146
minMapCoverage:	0.52779824
shortestPathHeadingChanges:	3
minHeadingChanges:	3
