sx:	19
sy:	12
ex:	10
ey:	2
shortestPathLength:	14.042054
straightLineDistance:	13.453624
directness:	1.0437376
distanceCoverage:	0.47565743
minMapCoverage:	0.4964616
shortestPathHeadingChanges:	4
minHeadingChanges:	3
