sx:	2
sy:	15
ex:	13
ey:	14
shortestPathLength:	11.44766
straightLineDistance:	11.045361
directness:	1.0364225
distanceCoverage:	0.39051247
minMapCoverage:	0.40473592
shortestPathHeadingChanges:	4
minHeadingChanges:	3
