sx:	20
sy:	12
ex:	13
ey:	20
shortestPathLength:	10.87526
straightLineDistance:	10.630146
directness:	1.0230584
distanceCoverage:	0.3758324
minMapCoverage:	0.3844985
shortestPathHeadingChanges:	3
minHeadingChanges:	3
