sx:	1
sy:	12
ex:	24
ey:	0
shortestPathLength:	26.269354
straightLineDistance:	25.942244
directness:	1.0126091
distanceCoverage:	0.23203447
minMapCoverage:	0.23496024
shortestPathHeadingChanges:	5
minHeadingChanges:	3
