sx:	10
sy:	24
ex:	22
ey:	41
shortestPathLength:	20.920874
straightLineDistance:	20.808653
directness:	1.005393
distanceCoverage:	0.18611825
minMapCoverage:	0.18712199
shortestPathHeadingChanges:	3
minHeadingChanges:	3
