sx:	10
sy:	35
ex:	61
ey:	27
shortestPathLength:	52.715614
straightLineDistance:	51.62364
directness:	1.0211526
distanceCoverage:	0.46173587
minMapCoverage:	0.47150278
shortestPathHeadingChanges:	9
minHeadingChanges:	5
