sx:	13
sy:	43
ex:	96
ey:	15
shortestPathLength:	88.68689
straightLineDistance:	87.595665
directness:	1.0124575
distanceCoverage:	0.78347945
minMapCoverage:	0.79323965
shortestPathHeadingChanges:	12
minHeadingChanges:	6
