sx:	15
sy:	10
ex:	75
ey:	28
shortestPathLength:	64.87852
straightLineDistance:	62.641838
directness:	1.0357058
distanceCoverage:	0.5602856
minMapCoverage:	0.5802911
shortestPathHeadingChanges:	14
minHeadingChanges:	5
