sx:	19
sy:	44
ex:	45
ey:	30
shortestPathLength:	31.18188
straightLineDistance:	29.529646
directness:	1.0559517
distanceCoverage:	0.26412117
minMapCoverage:	0.27889922
shortestPathHeadingChanges:	5
minHeadingChanges:	3
