sx:	2
sy:	22
ex:	48
ey:	28
shortestPathLength:	47.667786
straightLineDistance:	46.389652
directness:	1.0275521
distanceCoverage:	0.41492167
minMapCoverage:	0.42635363
shortestPathHeadingChanges:	7
minHeadingChanges:	5
