sx:	21
sy:	28
ex:	66
ey:	41
shortestPathLength:	48.385414
straightLineDistance:	46.840153
directness:	1.0329901
distanceCoverage:	0.41895106
minMapCoverage:	0.4327723
shortestPathHeadingChanges:	5
minHeadingChanges:	4
