sx:	22
sy:	12
ex:	55
ey:	44
shortestPathLength:	47.19829
straightLineDistance:	45.96738
directness:	1.026778
distanceCoverage:	0.41114476
minMapCoverage:	0.42215437
shortestPathHeadingChanges:	8
minHeadingChanges:	5
