sx:	32
sy:	11
ex:	23
ey:	47
shortestPathLength:	42.624283
straightLineDistance:	37.107952
directness:	1.1486562
distanceCoverage:	0.3319036
minMapCoverage:	0.38124317
shortestPathHeadingChanges:	7
minHeadingChanges:	4
