sx:	32
sy:	46
ex:	1
ey:	6
shortestPathLength:	50.89363
straightLineDistance:	50.606323
directness:	1.0056773
distanceCoverage:	0.45263672
minMapCoverage:	0.45520648
shortestPathHeadingChanges:	8
minHeadingChanges:	5
