sx:	33
sy:	47
ex:	65
ey:	44
shortestPathLength:	32.669785
straightLineDistance:	32.140316
directness:	1.0164737
distanceCoverage:	0.28747174
minMapCoverage:	0.29220745
shortestPathHeadingChanges:	8
minHeadingChanges:	5
