sx:	34
sy:	27
ex:	77
ey:	37
shortestPathLength:	44.80518
straightLineDistance:	44.14748
directness:	1.0148978
distanceCoverage:	0.39486706
minMapCoverage:	0.4007497
shortestPathHeadingChanges:	7
minHeadingChanges:	4
