sx:	35
sy:	3
ex:	25
ey:	6
shortestPathLength:	12.638678
straightLineDistance:	10.440307
directness:	1.2105657
distanceCoverage:	0.09338094
minMapCoverage:	0.11304377
shortestPathHeadingChanges:	4
minHeadingChanges:	4
