sx:	35
sy:	33
ex:	85
ey:	20
shortestPathLength:	54.144775
straightLineDistance:	51.662365
directness:	1.0480506
distanceCoverage:	0.46208224
minMapCoverage:	0.4842856
shortestPathHeadingChanges:	8
minHeadingChanges:	5
