sx:	39
sy:	48
ex:	84
ey:	38
shortestPathLength:	47.82903
straightLineDistance:	46.09772
directness:	1.0375574
distanceCoverage:	0.41231054
minMapCoverage:	0.42779586
shortestPathHeadingChanges:	7
minHeadingChanges:	6
