sx:	41
sy:	38
ex:	87
ey:	42
shortestPathLength:	47.82872
straightLineDistance:	46.173584
directness:	1.035846
distanceCoverage:	0.41298908
minMapCoverage:	0.4277931
shortestPathHeadingChanges:	6
minHeadingChanges:	4
