sx:	5
sy:	12
ex:	13
ey:	50
shortestPathLength:	39.532345
straightLineDistance:	38.832977
directness:	1.0180097
distanceCoverage:	0.34733272
minMapCoverage:	0.35358804
shortestPathHeadingChanges:	5
minHeadingChanges:	4
