sx:	56
sy:	11
ex:	21
ey:	13
shortestPathLength:	35.87101
straightLineDistance:	35.057095
directness:	1.0232168
distanceCoverage:	0.3135602
minMapCoverage:	0.32084006
shortestPathHeadingChanges:	11
minHeadingChanges:	5
