sx:	57
sy:	18
ex:	27
ey:	46
shortestPathLength:	42.399937
straightLineDistance:	41.036568
directness:	1.0332233
distanceCoverage:	0.3670422
minMapCoverage:	0.37923658
shortestPathHeadingChanges:	10
minHeadingChanges:	6
