sx:	59
sy:	47
ex:	48
ey:	7
shortestPathLength:	45.04898
straightLineDistance:	41.484936
directness:	1.0859118
distanceCoverage:	0.37105253
minMapCoverage:	0.40293035
shortestPathHeadingChanges:	8
minHeadingChanges:	6
