sx:	59
sy:	45
ex:	27
ey:	32
shortestPathLength:	36.2577
straightLineDistance:	34.539833
directness:	1.0497359
distanceCoverage:	0.30893368
minMapCoverage:	0.32429874
shortestPathHeadingChanges:	6
minHeadingChanges:	4
