sx:	64
sy:	26
ex:	70
ey:	7
shortestPathLength:	26.381372
straightLineDistance:	19.924858
directness:	1.3240432
distanceCoverage:	0.17821334
minMapCoverage:	0.23596217
shortestPathHeadingChanges:	7
minHeadingChanges:	5
