sx:	65
sy:	27
ex:	57
ey:	3
shortestPathLength:	26.304981
straightLineDistance:	25.298222
directness:	1.0397956
distanceCoverage:	0.22627418
minMapCoverage:	0.2352789
shortestPathHeadingChanges:	6
minHeadingChanges:	3
