sx:	66
sy:	38
ex:	45
ey:	41
shortestPathLength:	23.236069
straightLineDistance:	21.213203
directness:	1.0953587
distanceCoverage:	0.18973666
minMapCoverage:	0.20782971
shortestPathHeadingChanges:	5
minHeadingChanges:	4
