sx:	7
sy:	37
ex:	41
ey:	43
shortestPathLength:	34.70189
straightLineDistance:	34.525352
directness:	1.0051132
distanceCoverage:	0.30880415
minMapCoverage:	0.31038314
shortestPathHeadingChanges:	5
minHeadingChanges:	4
