sx:	80
sy:	34
ex:	18
ey:	48
shortestPathLength:	70.256516
straightLineDistance:	63.560993
directness:	1.1053401
distanceCoverage:	0.56850684
minMapCoverage:	0.6283934
shortestPathHeadingChanges:	11
minHeadingChanges:	6
