sx:	81
sy:	28
ex:	90
ey:	4
shortestPathLength:	26.38216
straightLineDistance:	25.632011
directness:	1.0292661
distanceCoverage:	0.22925968
minMapCoverage:	0.23596922
shortestPathHeadingChanges:	6
minHeadingChanges:	3
