sx:	83
sy:	34
ex:	79
ey:	22
shortestPathLength:	12.9020195
straightLineDistance:	12.649111
directness:	1.0199941
distanceCoverage:	0.11313709
minMapCoverage:	0.115399174
shortestPathHeadingChanges:	3
minHeadingChanges:	3
