sx:	85
sy:	47
ex:	44
ey:	18
shortestPathLength:	52.255062
straightLineDistance:	50.219517
directness:	1.040533
distanceCoverage:	0.44917703
minMapCoverage:	0.46738347
shortestPathHeadingChanges:	10
minHeadingChanges:	5
