sx:	89
sy:	25
ex:	61
ey:	49
shortestPathLength:	37.095844
straightLineDistance:	36.878178
directness:	1.0059023
distanceCoverage:	0.32984844
minMapCoverage:	0.33179533
shortestPathHeadingChanges:	5
minHeadingChanges:	4
