sx:	96
sy:	23
ex:	87
ey:	42
shortestPathLength:	21.062498
straightLineDistance:	21.023796
directness:	1.0018408
distanceCoverage:	0.18804255
minMapCoverage:	0.1883887
shortestPathHeadingChanges:	3
minHeadingChanges:	3
