sx:	96
sy:	25
ex:	38
ey:	44
shortestPathLength:	63.36483
straightLineDistance:	61.03278
directness:	1.0382098
distanceCoverage:	0.5458938
minMapCoverage:	0.56675225
shortestPathHeadingChanges:	10
minHeadingChanges:	5
