sx:	97
sy:	50
ex:	56
ey:	44
shortestPathLength:	42.332245
straightLineDistance:	41.4367
directness:	1.0216124
distanceCoverage:	0.37062111
minMapCoverage:	0.37863111
shortestPathHeadingChanges:	6
minHeadingChanges:	5
