sx:	2
sy:	2
ex:	19
ey:	4
shortestPathLength:	20.027756
straightLineDistance:	17.117243
directness:	1.1700339
distanceCoverage:	0.81976724
minMapCoverage:	0.95915556
shortestPathHeadingChanges:	4
minHeadingChanges:	4
