sx:	20
sy:	5
ex:	15
ey:	6
shortestPathLength:	5.236068
straightLineDistance:	5.0990195
directness:	1.0268774
distanceCoverage:	0.24419874
minMapCoverage:	0.25076216
shortestPathHeadingChanges:	3
minHeadingChanges:	3
