sx:	3
sy:	2
ex:	13
ey:	0
shortestPathLength:	15.516178
straightLineDistance:	10.198039
directness:	1.5214864
distanceCoverage:	0.48839748
minMapCoverage:	0.74309015
shortestPathHeadingChanges:	6
minHeadingChanges:	5
