sx:	1
sy:	34
ex:	33
ey:	15
shortestPathLength:	37.523598
straightLineDistance:	37.215588
directness:	1.0082763
distanceCoverage:	0.5263079
minMapCoverage:	0.5306638
shortestPathHeadingChanges:	4
minHeadingChanges:	3
