sx:	11
sy:	29
ex:	23
ey:	37
shortestPathLength:	15.497259
straightLineDistance:	14.422205
directness:	1.0745416
distanceCoverage:	0.20396078
minMapCoverage:	0.21916434
shortestPathHeadingChanges:	4
minHeadingChanges:	3
