sx:	14
sy:	41
ex:	28
ey:	9
shortestPathLength:	34.931713
straightLineDistance:	34.928497
directness:	1.000092
distanceCoverage:	0.49396354
minMapCoverage:	0.49400902
shortestPathHeadingChanges:	3
minHeadingChanges:	3
