sx:	15
sy:	18
ex:	7
ey:	49
shortestPathLength:	32.023205
straightLineDistance:	32.01562
directness:	1.0002369
distanceCoverage:	0.45276925
minMapCoverage:	0.4528765
shortestPathHeadingChanges:	3
minHeadingChanges:	3
