sx:	2
sy:	19
ex:	32
ey:	48
shortestPathLength:	41.91203
straightLineDistance:	41.725292
directness:	1.0044754
distanceCoverage:	0.59008473
minMapCoverage:	0.5927256
shortestPathHeadingChanges:	5
minHeadingChanges:	3
