sx:	2
sy:	22
ex:	3
ey:	49
shortestPathLength:	27.236069
straightLineDistance:	27.018513
directness:	1.0080521
distanceCoverage:	0.38209948
minMapCoverage:	0.38517618
shortestPathHeadingChanges:	3
minHeadingChanges:	3
