sx:	20
sy:	30
ex:	4
ey:	21
shortestPathLength:	18.656855
straightLineDistance:	18.35756
directness:	1.0163037
distanceCoverage:	0.2596151
minMapCoverage:	0.26384777
shortestPathHeadingChanges:	3
minHeadingChanges:	3
