sx:	22
sy:	46
ex:	20
ey:	30
shortestPathLength:	16.246212
straightLineDistance:	16.124516
directness:	1.0075473
distanceCoverage:	0.22803509
minMapCoverage:	0.22975613
shortestPathHeadingChanges:	3
minHeadingChanges:	3
