sx:	22
sy:	8
ex:	27
ey:	29
shortestPathLength:	21.599792
straightLineDistance:	21.587032
directness:	1.0005912
distanceCoverage:	0.30528674
minMapCoverage:	0.3054672
shortestPathHeadingChanges:	3
minHeadingChanges:	3
