sx:	25
sy:	13
ex:	43
ey:	9
shortestPathLength:	18.492422
straightLineDistance:	18.439089
directness:	1.0028924
distanceCoverage:	0.2607681
minMapCoverage:	0.26152235
shortestPathHeadingChanges:	3
minHeadingChanges:	3
