sx:	25
sy:	7
ex:	38
ey:	45
shortestPathLength:	40.215904
straightLineDistance:	40.16217
directness:	1.0013379
distanceCoverage:	0.56797886
minMapCoverage:	0.56873876
shortestPathHeadingChanges:	5
minHeadingChanges:	3
