sx:	30
sy:	50
ex:	49
ey:	22
shortestPathLength:	33.958797
straightLineDistance:	33.83785
directness:	1.0035744
distanceCoverage:	0.47853944
minMapCoverage:	0.4802499
shortestPathHeadingChanges:	3
minHeadingChanges:	3
