sx:	31
sy:	13
ex:	45
ey:	14
shortestPathLength:	14.049875
straightLineDistance:	14.035668
directness:	1.0010122
distanceCoverage:	0.19849433
minMapCoverage:	0.19869524
shortestPathHeadingChanges:	3
minHeadingChanges:	3
