sx:	31
sy:	28
ex:	9
ey:	8
shortestPathLength:	29.873375
straightLineDistance:	29.732138
directness:	1.0047504
distanceCoverage:	0.42047593
minMapCoverage:	0.4224733
shortestPathHeadingChanges:	4
minHeadingChanges:	3
