sx:	4
sy:	23
ex:	29
ey:	44
shortestPathLength:	32.848557
straightLineDistance:	32.649654
directness:	1.0060921
distanceCoverage:	0.46173584
minMapCoverage:	0.46454874
shortestPathHeadingChanges:	4
minHeadingChanges:	3
