sx:	4
sy:	27
ex:	17
ey:	43
shortestPathLength:	20.849434
straightLineDistance:	20.615528
directness:	1.0113461
distanceCoverage:	0.2915476
minMapCoverage:	0.29485554
shortestPathHeadingChanges:	3
minHeadingChanges:	3
