sx:	43
sy:	11
ex:	0
ey:	10
shortestPathLength:	43.01219
straightLineDistance:	43.011627
directness:	1.0000131
distanceCoverage:	0.60827625
minMapCoverage:	0.60828424
shortestPathHeadingChanges:	3
minHeadingChanges:	3
