sx:	44
sy:	44
ex:	24
ey:	31
shortestPathLength:	23.931719
straightLineDistance:	23.853722
directness:	1.0032698
distanceCoverage:	0.33734256
minMapCoverage:	0.3384456
shortestPathHeadingChanges:	3
minHeadingChanges:	3
