sx:	45
sy:	2
ex:	23
ey:	37
shortestPathLength:	41.376698
straightLineDistance:	41.340054
directness:	1.0008864
distanceCoverage:	0.5846366
minMapCoverage:	0.5851549
shortestPathHeadingChanges:	3
minHeadingChanges:	3
