sx:	45
sy:	36
ex:	14
ey:	43
shortestPathLength:	32.70227
straightLineDistance:	31.780497
directness:	1.0290043
distanceCoverage:	0.4494441
minMapCoverage:	0.46247995
shortestPathHeadingChanges:	5
minHeadingChanges:	4
