sx:	46
sy:	30
ex:	30
ey:	40
shortestPathLength:	19.31169
straightLineDistance:	18.867962
directness:	1.0235175
distanceCoverage:	0.26683328
minMapCoverage:	0.27310854
shortestPathHeadingChanges:	3
minHeadingChanges:	3
