sx:	47
sy:	0
ex:	28
ey:	23
shortestPathLength:	29.932573
straightLineDistance:	29.832869
directness:	1.0033422
distanceCoverage:	0.42190048
minMapCoverage:	0.42331052
shortestPathHeadingChanges:	4
minHeadingChanges:	3
