sx:	0
sy:	812
ex:	9
ey:	816
shortestPathLength:	11.659379
straightLineDistance:	9.848858
directness:	1.1838306
distanceCoverage:	0.00984775
minMapCoverage:	0.011658068
shortestPathHeadingChanges:	5
minHeadingChanges:	4
