sx:	0
sy:	865
ex:	15
ey:	888
shortestPathLength:	38.096466
straightLineDistance:	27.45906
directness:	1.3873914
distanceCoverage:	0.027455973
minMapCoverage:	0.03809218
shortestPathHeadingChanges:	13
minHeadingChanges:	11
