sx:	1
sy:	46
ex:	7
ey:	20
shortestPathLength:	29.410238
straightLineDistance:	26.683329
directness:	1.1021953
distanceCoverage:	0.026680328
minMapCoverage:	0.029406931
shortestPathHeadingChanges:	9
minHeadingChanges:	7
