sx:	10
sy:	234
ex:	10
ey:	264
shortestPathLength:	36.177803
straightLineDistance:	30.0
directness:	1.2059268
distanceCoverage:	0.029996626
minMapCoverage:	0.036173735
shortestPathHeadingChanges:	9
minHeadingChanges:	6
