sx:	10
sy:	629
ex:	11
ey:	692
shortestPathLength:	68.482864
straightLineDistance:	63.007935
directness:	1.0868927
distanceCoverage:	0.06300085
minMapCoverage:	0.068475164
shortestPathHeadingChanges:	17
minHeadingChanges:	11
