sx:	10
sy:	713
ex:	6
ey:	684
shortestPathLength:	32.169006
straightLineDistance:	29.274563
directness:	1.0988723
distanceCoverage:	0.029271271
minMapCoverage:	0.03216539
shortestPathHeadingChanges:	8
minHeadingChanges:	7
