sx:	11
sy:	59
ex:	2
ey:	52
shortestPathLength:	12.016027
straightLineDistance:	11.401754
directness:	1.0538753
distanceCoverage:	0.011400472
minMapCoverage:	0.012014676
shortestPathHeadingChanges:	6
minHeadingChanges:	5
