sx:	12
sy:	117
ex:	7
ey:	149
shortestPathLength:	39.190826
straightLineDistance:	32.38827
directness:	1.2100314
distanceCoverage:	0.03238463
minMapCoverage:	0.039186418
shortestPathHeadingChanges:	10
minHeadingChanges:	9
