sx:	12
sy:	151
ex:	1
ey:	130
shortestPathLength:	49.15132
straightLineDistance:	23.70654
directness:	2.0733232
distanceCoverage:	0.023703873
minMapCoverage:	0.04914579
shortestPathHeadingChanges:	13
minHeadingChanges:	10
