sx:	12
sy:	16
ex:	13
ey:	37
shortestPathLength:	21.857813
straightLineDistance:	21.023796
directness:	1.0396701
distanceCoverage:	0.021021431
minMapCoverage:	0.021855354
shortestPathHeadingChanges:	5
minHeadingChanges:	5
