sx:	12
sy:	233
ex:	10
ey:	260
shortestPathLength:	27.449272
straightLineDistance:	27.073973
directness:	1.013862
distanceCoverage:	0.027070928
minMapCoverage:	0.027446184
shortestPathHeadingChanges:	4
minHeadingChanges:	4
