sx:	12
sy:	388
ex:	10
ey:	398
shortestPathLength:	14.084259
straightLineDistance:	10.198039
directness:	1.3810753
distanceCoverage:	0.010196892
minMapCoverage:	0.014082675
shortestPathHeadingChanges:	6
minHeadingChanges:	5
