sx:	12
sy:	59
ex:	6
ey:	89
shortestPathLength:	34.97155
straightLineDistance:	30.594116
directness:	1.143081
distanceCoverage:	0.030590676
minMapCoverage:	0.034967616
shortestPathHeadingChanges:	8
minHeadingChanges:	5
