sx:	12
sy:	581
ex:	1
ey:	696
shortestPathLength:	121.96006
straightLineDistance:	115.52489
directness:	1.0557038
distanceCoverage:	0.115511894
minMapCoverage:	0.12194634
shortestPathHeadingChanges:	25
minHeadingChanges:	19
