sx:	12
sy:	810
ex:	3
ey:	831
shortestPathLength:	26.207367
straightLineDistance:	22.847319
directness:	1.1470653
distanceCoverage:	0.022844749
minMapCoverage:	0.026204418
shortestPathHeadingChanges:	8
minHeadingChanges:	7
