sx:	13
sy:	725
ex:	4
ey:	569
shortestPathLength:	168.8716
straightLineDistance:	156.2594
directness:	1.0807132
distanceCoverage:	0.15624182
minMapCoverage:	0.1688526
shortestPathHeadingChanges:	34
minHeadingChanges:	27
