sx:	14
sy:	153
ex:	6
ey:	152
shortestPathLength:	8.634414
straightLineDistance:	8.062258
directness:	1.0709672
distanceCoverage:	0.008061351
minMapCoverage:	0.008633442
shortestPathHeadingChanges:	4
minHeadingChanges:	4
