sx:	15
sy:	600
ex:	14
ey:	718
shortestPathLength:	128.70161
straightLineDistance:	118.004234
directness:	1.0906525
distanceCoverage:	0.11799096
minMapCoverage:	0.12868714
shortestPathHeadingChanges:	28
minHeadingChanges:	21
