sx:	2
sy:	413
ex:	9
ey:	439
shortestPathLength:	28.334988
straightLineDistance:	26.925823
directness:	1.052335
distanceCoverage:	0.026922794
minMapCoverage:	0.028331801
shortestPathHeadingChanges:	7
minHeadingChanges:	6
