sx:	2
sy:	650
ex:	2
ey:	644
shortestPathLength:	7.236068
straightLineDistance:	6.0
directness:	1.2060113
distanceCoverage:	0.0059993253
minMapCoverage:	0.0072352537
shortestPathHeadingChanges:	4
minHeadingChanges:	4
