sx:	2
sy:	826
ex:	8
ey:	790
shortestPathLength:	38.15741
straightLineDistance:	36.496574
directness:	1.0455066
distanceCoverage:	0.03649247
minMapCoverage:	0.03815312
shortestPathHeadingChanges:	9
minHeadingChanges:	6
