sx:	3
sy:	19
ex:	4
ey:	34
shortestPathLength:	16.23931
straightLineDistance:	15.033297
directness:	1.0802227
distanceCoverage:	0.015031606
minMapCoverage:	0.016237482
shortestPathHeadingChanges:	5
minHeadingChanges:	3
