sx:	4
sy:	38
ex:	5
ey:	13
shortestPathLength:	27.047329
straightLineDistance:	25.019993
directness:	1.0810287
distanceCoverage:	0.02501718
minMapCoverage:	0.027044287
shortestPathHeadingChanges:	8
minHeadingChanges:	7
