sx:	4
sy:	794
ex:	14
ey:	800
shortestPathLength:	15.11381
straightLineDistance:	11.661903
directness:	1.2959986
distanceCoverage:	0.011660592
minMapCoverage:	0.0151121095
shortestPathHeadingChanges:	7
minHeadingChanges:	4
