sx:	4
sy:	875
ex:	9
ey:	838
shortestPathLength:	48.293777
straightLineDistance:	37.336308
directness:	1.2934803
distanceCoverage:	0.037332106
minMapCoverage:	0.048288345
shortestPathHeadingChanges:	15
minHeadingChanges:	12
