sx:	5
sy:	148
ex:	13
ey:	142
shortestPathLength:	15.162277
straightLineDistance:	10.0
directness:	1.5162277
distanceCoverage:	0.009998876
minMapCoverage:	0.015160572
shortestPathHeadingChanges:	6
minHeadingChanges:	5
