sx:	5
sy:	215
ex:	7
ey:	212
shortestPathLength:	4.1622777
straightLineDistance:	3.6055512
directness:	1.1544081
distanceCoverage:	0.0036051457
minMapCoverage:	0.0041618096
shortestPathHeadingChanges:	3
minHeadingChanges:	3
