sx:	5
sy:	955
ex:	1
ey:	996
shortestPathLength:	46.794907
straightLineDistance:	41.19466
directness:	1.1359459
distanceCoverage:	0.04119003
minMapCoverage:	0.046789642
shortestPathHeadingChanges:	16
minHeadingChanges:	13
