sx:	7
sy:	382
ex:	15
ey:	385
shortestPathLength:	15.310706
straightLineDistance:	8.5440035
directness:	1.7919827
distanceCoverage:	0.0085430425
minMapCoverage:	0.015308984
shortestPathHeadingChanges:	6
minHeadingChanges:	4
