sx:	7
sy:	971
ex:	10
ey:	975
shortestPathLength:	10.486834
straightLineDistance:	5.0
directness:	2.0973668
distanceCoverage:	0.004999438
minMapCoverage:	0.010485654
shortestPathHeadingChanges:	4
minHeadingChanges:	4
