sx:	8
sy:	30
ex:	15
ey:	1
shortestPathLength:	31.28431
straightLineDistance:	29.832869
directness:	1.0486524
distanceCoverage:	0.029829513
minMapCoverage:	0.03128079
shortestPathHeadingChanges:	7
minHeadingChanges:	6
