sx:	8
sy:	696
ex:	6
ey:	672
shortestPathLength:	27.638748
straightLineDistance:	24.083189
directness:	1.1476365
distanceCoverage:	0.02408048
minMapCoverage:	0.02763564
shortestPathHeadingChanges:	7
minHeadingChanges:	6
