sx:	8
sy:	78
ex:	3
ey:	50
shortestPathLength:	38.849186
straightLineDistance:	28.442924
directness:	1.3658646
distanceCoverage:	0.028439725
minMapCoverage:	0.038844816
shortestPathHeadingChanges:	11
minHeadingChanges:	7
