sx:	9
sy:	291
ex:	7
ey:	300
shortestPathLength:	9.246211
straightLineDistance:	9.219544
directness:	1.0028924
distanceCoverage:	0.009218507
minMapCoverage:	0.009245171
shortestPathHeadingChanges:	3
minHeadingChanges:	3
