sx:	9
sy:	414
ex:	1
ey:	463
shortestPathLength:	57.255795
straightLineDistance:	49.648766
directness:	1.1532168
distanceCoverage:	0.04964318
minMapCoverage:	0.057249356
shortestPathHeadingChanges:	15
minHeadingChanges:	9
