sx:	9
sy:	621
ex:	9
ey:	631
shortestPathLength:	17.255833
straightLineDistance:	10.0
directness:	1.7255833
distanceCoverage:	0.009998876
minMapCoverage:	0.017253892
shortestPathHeadingChanges:	6
minHeadingChanges:	4
