sx:	9
sy:	816
ex:	5
ey:	787
shortestPathLength:	44.311165
straightLineDistance:	29.274563
directness:	1.5136405
distanceCoverage:	0.029271271
minMapCoverage:	0.04430618
shortestPathHeadingChanges:	16
minHeadingChanges:	8
