sx:	0
sy:	212
ex:	184
ey:	149
shortestPathLength:	195.1254
straightLineDistance:	194.4865
directness:	1.003285
distanceCoverage:	0.45840907
minMapCoverage:	0.45991498
shortestPathHeadingChanges:	10
minHeadingChanges:	5
