sx:	109
sy:	259
ex:	220
ey:	49
shortestPathLength:	238.07373
straightLineDistance:	237.53105
directness:	1.0022846
distanceCoverage:	0.5598661
minMapCoverage:	0.5611452
shortestPathHeadingChanges:	11
minHeadingChanges:	5
