sx:	123
sy:	26
ex:	54
ey:	171
shortestPathLength:	160.73508
straightLineDistance:	160.5802
directness:	1.0009645
distanceCoverage:	0.37849116
minMapCoverage:	0.3788562
shortestPathHeadingChanges:	5
minHeadingChanges:	4
