sx:	123
sy:	87
ex:	246
ey:	50
shortestPathLength:	128.46248
straightLineDistance:	128.44453
directness:	1.0001397
distanceCoverage:	0.30274668
minMapCoverage:	0.30278897
shortestPathHeadingChanges:	4
minHeadingChanges:	3
