sx:	126
sy:	11
ex:	203
ey:	187
shortestPathLength:	192.55092
straightLineDistance:	192.10674
directness:	1.0023122
distanceCoverage:	0.45279992
minMapCoverage:	0.45384687
shortestPathHeadingChanges:	11
minHeadingChanges:	4
