sx:	137
sy:	81
ex:	223
ey:	65
shortestPathLength:	87.94449
straightLineDistance:	87.47571
directness:	1.0053589
distanceCoverage:	0.20618223
minMapCoverage:	0.20728715
shortestPathHeadingChanges:	8
minHeadingChanges:	3
