sx:	141
sy:	133
ex:	197
ey:	125
shortestPathLength:	56.640213
straightLineDistance:	56.568542
directness:	1.001267
distanceCoverage:	0.13333334
minMapCoverage:	0.13350226
shortestPathHeadingChanges:	4
minHeadingChanges:	3
