sx:	142
sy:	80
ex:	89
ey:	57
shortestPathLength:	60.071785
straightLineDistance:	57.77543
directness:	1.0397463
distanceCoverage:	0.13617799
minMapCoverage:	0.14159055
shortestPathHeadingChanges:	7
minHeadingChanges:	3
