sx:	147
sy:	174
ex:	70
ey:	38
shortestPathLength:	156.54561
straightLineDistance:	156.285
directness:	1.0016675
distanceCoverage:	0.36836728
minMapCoverage:	0.36898154
shortestPathHeadingChanges:	10
minHeadingChanges:	4
