sx:	163
sy:	3
ex:	46
ey:	21
shortestPathLength:	118.44832
straightLineDistance:	118.37652
directness:	1.0006065
distanceCoverage:	0.27901614
minMapCoverage:	0.27918535
shortestPathHeadingChanges:	7
minHeadingChanges:	4
