sx:	163
sy:	87
ex:	269
ey:	287
shortestPathLength:	226.86124
straightLineDistance:	226.3537
directness:	1.0022422
distanceCoverage:	0.53352076
minMapCoverage:	0.5347171
shortestPathHeadingChanges:	13
minHeadingChanges:	5
