sx:	169
sy:	112
ex:	29
ey:	61
shortestPathLength:	149.1182
straightLineDistance:	149.0
directness:	1.0007932
distanceCoverage:	0.35119638
minMapCoverage:	0.35147494
shortestPathHeadingChanges:	6
minHeadingChanges:	4
