sx:	178
sy:	24
ex:	292
ey:	74
shortestPathLength:	124.697556
straightLineDistance:	124.48293
directness:	1.0017241
distanceCoverage:	0.29340908
minMapCoverage:	0.29391494
shortestPathHeadingChanges:	7
minHeadingChanges:	4
