sx:	194
sy:	195
ex:	86
ey:	226
shortestPathLength:	112.66884
straightLineDistance:	112.36102
directness:	1.0027395
distanceCoverage:	0.26483747
minMapCoverage:	0.265563
shortestPathHeadingChanges:	6
minHeadingChanges:	3
