sx:	2
sy:	158
ex:	283
ey:	208
shortestPathLength:	285.76736
straightLineDistance:	285.41373
directness:	1.0012391
distanceCoverage:	0.67272663
minMapCoverage:	0.67356014
shortestPathHeadingChanges:	13
minHeadingChanges:	5
