sx:	2
sy:	4
ex:	178
ey:	200
shortestPathLength:	264.51654
straightLineDistance:	263.4236
directness:	1.004149
distanceCoverage:	0.6208954
minMapCoverage:	0.62347144
shortestPathHeadingChanges:	9
minHeadingChanges:	5
