sx:	203
sy:	201
ex:	76
ey:	90
shortestPathLength:	169.27855
straightLineDistance:	168.67128
directness:	1.0036004
distanceCoverage:	0.39756203
minMapCoverage:	0.39899337
shortestPathHeadingChanges:	11
minHeadingChanges:	4
