sx:	203
sy:	256
ex:	122
ey:	99
shortestPathLength:	177.47704
straightLineDistance:	176.66353
directness:	1.0046048
distanceCoverage:	0.41639993
minMapCoverage:	0.41831738
shortestPathHeadingChanges:	10
minHeadingChanges:	5
