sx:	205
sy:	283
ex:	41
ey:	14
shortestPathLength:	315.38556
straightLineDistance:	315.05078
directness:	1.0010626
distanceCoverage:	0.7425818
minMapCoverage:	0.7433709
shortestPathHeadingChanges:	11
minHeadingChanges:	6
