sx:	205
sy:	296
ex:	103
ey:	222
shortestPathLength:	126.62658
straightLineDistance:	126.01587
directness:	1.0048463
distanceCoverage:	0.29702225
minMapCoverage:	0.2984617
shortestPathHeadingChanges:	10
minHeadingChanges:	3
