sx:	212
sy:	96
ex:	221
ey:	190
shortestPathLength:	94.70723
straightLineDistance:	94.42987
directness:	1.0029372
distanceCoverage:	0.22257334
minMapCoverage:	0.22322708
shortestPathHeadingChanges:	5
minHeadingChanges:	4
