sx:	226
sy:	231
ex:	89
ey:	192
shortestPathLength:	144.21913
straightLineDistance:	142.44298
directness:	1.0124692
distanceCoverage:	0.3357413
minMapCoverage:	0.33992776
shortestPathHeadingChanges:	9
minHeadingChanges:	4
