sx:	23
sy:	152
ex:	230
ey:	271
shortestPathLength:	240.0503
straightLineDistance:	238.76767
directness:	1.0053718
distanceCoverage:	0.5627808
minMapCoverage:	0.56580395
shortestPathHeadingChanges:	15
minHeadingChanges:	5
