sx:	23
sy:	102
ex:	149
ey:	107
shortestPathLength:	127.48656
straightLineDistance:	126.09917
directness:	1.0110024
distanceCoverage:	0.2972186
minMapCoverage:	0.3004887
shortestPathHeadingChanges:	6
minHeadingChanges:	4
