sx:	231
sy:	208
ex:	76
ey:	10
shortestPathLength:	252.05397
straightLineDistance:	251.45377
directness:	1.0023869
distanceCoverage:	0.5926822
minMapCoverage:	0.5940969
shortestPathHeadingChanges:	13
minHeadingChanges:	5
