sx:	236
sy:	230
ex:	286
ey:	125
shortestPathLength:	116.44937
straightLineDistance:	116.297035
directness:	1.0013099
distanceCoverage:	0.27411473
minMapCoverage:	0.2744738
shortestPathHeadingChanges:	6
minHeadingChanges:	3
