sx:	239
sy:	238
ex:	270
ey:	22
shortestPathLength:	218.46118
straightLineDistance:	218.2132
directness:	1.0011364
distanceCoverage:	0.5143334
minMapCoverage:	0.51491797
shortestPathHeadingChanges:	7
minHeadingChanges:	5
