sx:	247
sy:	286
ex:	25
ey:	8
shortestPathLength:	356.21793
straightLineDistance:	355.76398
directness:	1.001276
distanceCoverage:	0.8385437
minMapCoverage:	0.8396137
shortestPathHeadingChanges:	20
minHeadingChanges:	6
