sx:	248
sy:	17
ex:	239
ey:	169
shortestPathLength:	152.5615
straightLineDistance:	152.26622
directness:	1.0019392
distanceCoverage:	0.3588949
minMapCoverage:	0.3595909
shortestPathHeadingChanges:	5
minHeadingChanges:	3
