sx:	25
sy:	178
ex:	285
ey:	168
shortestPathLength:	260.30615
straightLineDistance:	260.19223
directness:	1.0004379
distanceCoverage:	0.613279
minMapCoverage:	0.6135475
shortestPathHeadingChanges:	8
minHeadingChanges:	5
