sx:	250
sy:	203
ex:	113
ey:	186
shortestPathLength:	138.05072
straightLineDistance:	138.05072
directness:	1.0
distanceCoverage:	0.32538867
minMapCoverage:	0.32538867
shortestPathHeadingChanges:	2
minHeadingChanges:	2
