sx:	251
sy:	297
ex:	215
ey:	139
shortestPathLength:	162.2174
straightLineDistance:	162.04938
directness:	1.0010369
distanceCoverage:	0.38195404
minMapCoverage:	0.3823501
shortestPathHeadingChanges:	11
minHeadingChanges:	3
