sx:	255
sy:	298
ex:	83
ey:	130
shortestPathLength:	243.92094
straightLineDistance:	240.43294
directness:	1.0145072
distanceCoverage:	0.5667059
minMapCoverage:	0.57492715
shortestPathHeadingChanges:	15
minHeadingChanges:	6
