sx:	258
sy:	246
ex:	168
ey:	286
shortestPathLength:	98.69252
straightLineDistance:	98.48858
directness:	1.0020707
distanceCoverage:	0.23213981
minMapCoverage:	0.23262051
shortestPathHeadingChanges:	8
minHeadingChanges:	3
