sx:	264
sy:	197
ex:	151
ey:	47
shortestPathLength:	188.26892
straightLineDistance:	187.80043
directness:	1.0024946
distanceCoverage:	0.44264987
minMapCoverage:	0.4437541
shortestPathHeadingChanges:	7
minHeadingChanges:	4
