sx:	272
sy:	147
ex:	68
ey:	3
shortestPathLength:	250.16371
straightLineDistance:	249.70383
directness:	1.0018417
distanceCoverage:	0.58855754
minMapCoverage:	0.5896415
shortestPathHeadingChanges:	16
minHeadingChanges:	5
