sx:	273
sy:	34
ex:	26
ey:	196
shortestPathLength:	295.5619
straightLineDistance:	295.3862
directness:	1.0005947
distanceCoverage:	0.69623196
minMapCoverage:	0.69664603
shortestPathHeadingChanges:	8
minHeadingChanges:	5
