sx:	276
sy:	66
ex:	222
ey:	214
shortestPathLength:	158.65521
straightLineDistance:	157.54364
directness:	1.0070556
distanceCoverage:	0.37133393
minMapCoverage:	0.3739539
shortestPathHeadingChanges:	13
minHeadingChanges:	4
