sx:	279
sy:	45
ex:	38
ey:	140
shortestPathLength:	259.42438
straightLineDistance:	259.04825
directness:	1.001452
distanceCoverage:	0.6105826
minMapCoverage:	0.61146915
shortestPathHeadingChanges:	12
minHeadingChanges:	5
