sx:	300
sy:	86
ex:	91
ey:	230
shortestPathLength:	254.53938
straightLineDistance:	253.80504
directness:	1.0028933
distanceCoverage:	0.5982242
minMapCoverage:	0.5999551
shortestPathHeadingChanges:	10
minHeadingChanges:	5
