sx:	47
sy:	123
ex:	85
ey:	277
shortestPathLength:	158.82755
straightLineDistance:	158.61903
directness:	1.0013145
distanceCoverage:	0.37386864
minMapCoverage:	0.3743601
shortestPathHeadingChanges:	9
minHeadingChanges:	4
