sx:	55
sy:	188
ex:	39
ey:	14
shortestPathLength:	175.3661
straightLineDistance:	174.73409
directness:	1.003617
distanceCoverage:	0.41185218
minMapCoverage:	0.41334188
shortestPathHeadingChanges:	10
minHeadingChanges:	5
