sx:	58
sy:	31
ex:	239
ey:	250
shortestPathLength:	284.96622
straightLineDistance:	284.11618
directness:	1.0029919
distanceCoverage:	0.66966826
minMapCoverage:	0.6716718
shortestPathHeadingChanges:	17
minHeadingChanges:	5
