sx:	71
sy:	275
ex:	69
ey:	74
shortestPathLength:	201.20267
straightLineDistance:	201.00995
directness:	1.0009588
distanceCoverage:	0.47378498
minMapCoverage:	0.47423923
shortestPathHeadingChanges:	10
minHeadingChanges:	4
