sx:	72
sy:	2
ex:	160
ey:	15
shortestPathLength:	89.98846
straightLineDistance:	88.95505
directness:	1.0116172
distanceCoverage:	0.20966905
minMapCoverage:	0.21210483
shortestPathHeadingChanges:	5
minHeadingChanges:	3
