sx:	79
sy:	130
ex:	57
ey:	76
shortestPathLength:	58.58963
straightLineDistance:	58.30952
directness:	1.0048039
distanceCoverage:	0.13743685
minMapCoverage:	0.13809708
shortestPathHeadingChanges:	6
minHeadingChanges:	3
