sx:	80
sy:	190
ex:	293
ey:	243
shortestPathLength:	220.162
straightLineDistance:	219.49487
directness:	1.0030394
distanceCoverage:	0.51735437
minMapCoverage:	0.5189268
shortestPathHeadingChanges:	10
minHeadingChanges:	5
