sx:	94
sy:	27
ex:	170
ey:	64
shortestPathLength:	84.795525
straightLineDistance:	84.5281
directness:	1.0031637
distanceCoverage:	0.19923463
minMapCoverage:	0.19986497
shortestPathHeadingChanges:	7
minHeadingChanges:	4
