sx:	98
sy:	92
ex:	187
ey:	245
shortestPathLength:	177.75972
straightLineDistance:	177.00282
directness:	1.0042762
distanceCoverage:	0.41719964
minMapCoverage:	0.41898367
shortestPathHeadingChanges:	14
minHeadingChanges:	4
