sx:	99
sy:	189
ex:	171
ey:	154
shortestPathLength:	80.085014
straightLineDistance:	80.05623
directness:	1.0003595
distanceCoverage:	0.18869434
minMapCoverage:	0.18876219
shortestPathHeadingChanges:	4
minHeadingChanges:	3
