sx:	12
sy:	10
ex:	22
ey:	4
shortestPathLength:	12.233345
straightLineDistance:	11.661903
directness:	1.0490007
distanceCoverage:	0.2748737
minMapCoverage:	0.2883427
shortestPathHeadingChanges:	5
minHeadingChanges:	3
