sx:	12
sy:	21
ex:	9
ey:	13
shortestPathLength:	8.547442
straightLineDistance:	8.5440035
directness:	1.0004025
distanceCoverage:	0.2013841
minMapCoverage:	0.20146514
shortestPathHeadingChanges:	3
minHeadingChanges:	3
