sx:	16
sy:	25
ex:	10
ey:	9
shortestPathLength:	17.090666
straightLineDistance:	17.088007
directness:	1.0001556
distanceCoverage:	0.4027682
minMapCoverage:	0.40283087
shortestPathHeadingChanges:	3
minHeadingChanges:	3
