sx:	18
sy:	6
ex:	29
ey:	30
shortestPathLength:	26.45287
straightLineDistance:	26.400757
directness:	1.0019739
distanceCoverage:	0.62227184
minMapCoverage:	0.6235001
shortestPathHeadingChanges:	3
minHeadingChanges:	3
