sx:	19
sy:	0
ex:	10
ey:	15
shortestPathLength:	18.1647
straightLineDistance:	17.492855
directness:	1.0384068
distanceCoverage:	0.41231054
minMapCoverage:	0.42814606
shortestPathHeadingChanges:	4
minHeadingChanges:	4
