sx:	19
sy:	0
ex:	15
ey:	17
shortestPathLength:	17.722683
straightLineDistance:	17.464249
directness:	1.0147979
distanceCoverage:	0.4116363
minMapCoverage:	0.41772765
shortestPathHeadingChanges:	4
minHeadingChanges:	3
