sx:	19
sy:	1
ex:	18
ey:	27
shortestPathLength:	26.342367
straightLineDistance:	26.019224
directness:	1.0124193
distanceCoverage:	0.613279
minMapCoverage:	0.62089556
shortestPathHeadingChanges:	4
minHeadingChanges:	3
