sx:	20
sy:	18
ex:	10
ey:	24
shortestPathLength:	11.764603
straightLineDistance:	11.661903
directness:	1.0088063
distanceCoverage:	0.2748737
minMapCoverage:	0.27729434
shortestPathHeadingChanges:	3
minHeadingChanges:	3
