sx:	21
sy:	17
ex:	2
ey:	13
shortestPathLength:	19.589363
straightLineDistance:	19.416489
directness:	1.0089035
distanceCoverage:	0.45765102
minMapCoverage:	0.4617257
shortestPathHeadingChanges:	3
minHeadingChanges:	3
