sx:	24
sy:	8
ex:	13
ey:	25
shortestPathLength:	20.321281
straightLineDistance:	20.248457
directness:	1.0035965
distanceCoverage:	0.4772607
minMapCoverage:	0.4789772
shortestPathHeadingChanges:	3
minHeadingChanges:	3
