sx:	25
sy:	24
ex:	14
ey:	11
shortestPathLength:	17.236069
straightLineDistance:	17.029387
directness:	1.0121368
distanceCoverage:	0.4013865
minMapCoverage:	0.40625805
shortestPathHeadingChanges:	4
minHeadingChanges:	3
