sx:	26
sy:	1
ex:	14
ey:	28
shortestPathLength:	30.083027
straightLineDistance:	29.546574
directness:	1.0181562
distanceCoverage:	0.6964194
minMapCoverage:	0.70906377
shortestPathHeadingChanges:	6
minHeadingChanges:	4
