sx:	26
sy:	11
ex:	0
ey:	15
shortestPathLength:	26.322556
straightLineDistance:	26.305893
directness:	1.0006334
distanceCoverage:	0.6200358
minMapCoverage:	0.62042856
shortestPathHeadingChanges:	3
minHeadingChanges:	3
