sx:	27
sy:	19
ex:	4
ey:	29
shortestPathLength:	25.098663
straightLineDistance:	25.079872
directness:	1.0007492
distanceCoverage:	0.59113824
minMapCoverage:	0.59158117
shortestPathHeadingChanges:	4
minHeadingChanges:	3
