sx:	28
sy:	3
ex:	19
ey:	25
shortestPathLength:	23.81283
straightLineDistance:	23.769728
directness:	1.0018133
distanceCoverage:	0.56025785
minMapCoverage:	0.5612738
shortestPathHeadingChanges:	5
minHeadingChanges:	4
