sx:	30
sy:	17
ex:	7
ey:	16
shortestPathLength:	23.162277
straightLineDistance:	23.021729
directness:	1.0061051
distanceCoverage:	0.54262733
minMapCoverage:	0.5459401
shortestPathHeadingChanges:	3
minHeadingChanges:	3
