sx:	6
sy:	30
ex:	29
ey:	27
shortestPathLength:	23.498434
straightLineDistance:	23.194826
directness:	1.0130894
distanceCoverage:	0.5467073
minMapCoverage:	0.5538634
shortestPathHeadingChanges:	3
minHeadingChanges:	3
