sx:	7
sy:	23
ex:	25
ey:	22
shortestPathLength:	18.038404
straightLineDistance:	18.027756
directness:	1.0005907
distanceCoverage:	0.42491826
minMapCoverage:	0.42516926
shortestPathHeadingChanges:	3
minHeadingChanges:	3
