sx:	8
sy:	14
ex:	26
ey:	24
shortestPathLength:	20.747986
straightLineDistance:	20.59126
directness:	1.0076113
distanceCoverage:	0.48534068
minMapCoverage:	0.4890347
shortestPathHeadingChanges:	5
minHeadingChanges:	3
