sx:	9
sy:	21
ex:	26
ey:	8
shortestPathLength:	21.501522
straightLineDistance:	21.400934
directness:	1.0047002
distanceCoverage:	0.50442487
minMapCoverage:	0.50679576
shortestPathHeadingChanges:	3
minHeadingChanges:	3
