sx:	9
sy:	6
ex:	27
ey:	14
shortestPathLength:	19.800316
straightLineDistance:	19.697716
directness:	1.0052087
distanceCoverage:	0.46427962
minMapCoverage:	0.46669793
shortestPathHeadingChanges:	4
minHeadingChanges:	3
