sx:	1
sy:	216
ex:	26
ey:	358
shortestPathLength:	144.47374
straightLineDistance:	144.18391
directness:	1.0020101
distanceCoverage:	0.28693673
minMapCoverage:	0.2875135
shortestPathHeadingChanges:	7
minHeadingChanges:	4
