sx:	11
sy:	112
ex:	2
ey:	293
shortestPathLength:	181.44533
straightLineDistance:	181.22362
directness:	1.0012234
distanceCoverage:	0.36064848
minMapCoverage:	0.3610897
shortestPathHeadingChanges:	8
minHeadingChanges:	4
