sx:	11
sy:	162
ex:	27
ey:	252
shortestPathLength:	91.56262
straightLineDistance:	91.411156
directness:	1.001657
distanceCoverage:	0.181915
minMapCoverage:	0.18221644
shortestPathHeadingChanges:	6
minHeadingChanges:	3
