sx:	11
sy:	223
ex:	49
ey:	396
shortestPathLength:	177.51953
straightLineDistance:	177.12425
directness:	1.0022316
distanceCoverage:	0.35249045
minMapCoverage:	0.3532771
shortestPathHeadingChanges:	13
minHeadingChanges:	5
