sx:	12
sy:	299
ex:	22
ey:	131
shortestPathLength:	168.64235
straightLineDistance:	168.29736
directness:	1.0020498
distanceCoverage:	0.33492428
minMapCoverage:	0.33561084
shortestPathHeadingChanges:	10
minHeadingChanges:	5
