sx:	12
sy:	91
ex:	0
ey:	495
shortestPathLength:	404.85437
straightLineDistance:	404.1782
directness:	1.001673
distanceCoverage:	0.80434465
minMapCoverage:	0.80569035
shortestPathHeadingChanges:	16
minHeadingChanges:	6
