sx:	13
sy:	471
ex:	11
ey:	66
shortestPathLength:	405.42072
straightLineDistance:	405.00494
directness:	1.0010266
distanceCoverage:	0.80599
minMapCoverage:	0.8068174
shortestPathHeadingChanges:	18
minHeadingChanges:	6
