sx:	15
sy:	280
ex:	42
ey:	383
shortestPathLength:	106.49441
straightLineDistance:	106.48004
directness:	1.000135
distanceCoverage:	0.2119032
minMapCoverage:	0.2119318
shortestPathHeadingChanges:	3
minHeadingChanges:	3
