sx:	17
sy:	131
ex:	7
ey:	458
shortestPathLength:	327.90292
straightLineDistance:	327.15286
directness:	1.0022928
distanceCoverage:	0.65105855
minMapCoverage:	0.65255123
shortestPathHeadingChanges:	14
minHeadingChanges:	6
