sx:	17
sy:	117
ex:	39
ey:	256
shortestPathLength:	141.35596
straightLineDistance:	140.73024
directness:	1.0044463
distanceCoverage:	0.28006366
minMapCoverage:	0.28130886
shortestPathHeadingChanges:	9
minHeadingChanges:	4
