sx:	17
sy:	27
ex:	32
ey:	351
shortestPathLength:	324.75085
straightLineDistance:	324.34705
directness:	1.001245
distanceCoverage:	0.64547473
minMapCoverage:	0.6462784
shortestPathHeadingChanges:	12
minHeadingChanges:	4
