sx:	18
sy:	90
ex:	46
ey:	481
shortestPathLength:	392.26428
straightLineDistance:	392.00128
directness:	1.0006709
distanceCoverage:	0.78011173
minMapCoverage:	0.7806351
shortestPathHeadingChanges:	16
minHeadingChanges:	6
