sx:	2
sy:	295
ex:	27
ey:	43
shortestPathLength:	253.65155
straightLineDistance:	253.23705
directness:	1.0016369
distanceCoverage:	0.50396055
minMapCoverage:	0.5047855
shortestPathHeadingChanges:	11
minHeadingChanges:	5
