sx:	21
sy:	297
ex:	26
ey:	363
shortestPathLength:	66.44521
straightLineDistance:	66.189125
directness:	1.003869
distanceCoverage:	0.13172129
minMapCoverage:	0.13223092
shortestPathHeadingChanges:	4
minHeadingChanges:	3
