sx:	22
sy:	426
ex:	40
ey:	142
shortestPathLength:	286.09595
straightLineDistance:	284.56985
directness:	1.0053627
distanceCoverage:	0.5663152
minMapCoverage:	0.5693522
shortestPathHeadingChanges:	11
minHeadingChanges:	5
