sx:	23
sy:	104
ex:	46
ey:	296
shortestPathLength:	193.51411
straightLineDistance:	193.3727
directness:	1.0007313
distanceCoverage:	0.38482606
minMapCoverage:	0.3851075
shortestPathHeadingChanges:	9
minHeadingChanges:	4
