sx:	24
sy:	170
ex:	36
ey:	413
shortestPathLength:	243.6862
straightLineDistance:	243.29611
directness:	1.0016034
distanceCoverage:	0.48417735
minMapCoverage:	0.48495367
shortestPathHeadingChanges:	10
minHeadingChanges:	5
