sx:	24
sy:	38
ex:	25
ey:	247
shortestPathLength:	209.08171
straightLineDistance:	209.0024
directness:	1.0003794
distanceCoverage:	0.41593033
minMapCoverage:	0.41608816
shortestPathHeadingChanges:	6
minHeadingChanges:	4
