sx:	24
sy:	350
ex:	28
ey:	183
shortestPathLength:	167.27512
straightLineDistance:	167.0479
directness:	1.0013602
distanceCoverage:	0.33243775
minMapCoverage:	0.3328899
shortestPathHeadingChanges:	9
minHeadingChanges:	4
