sx:	24
sy:	364
ex:	47
ey:	301
shortestPathLength:	67.26542
straightLineDistance:	67.06713
directness:	1.0029565
distanceCoverage:	0.13346858
minMapCoverage:	0.1338632
shortestPathHeadingChanges:	5
minHeadingChanges:	3
