sx:	25
sy:	199
ex:	39
ey:	425
shortestPathLength:	226.69739
straightLineDistance:	226.43321
directness:	1.0011667
distanceCoverage:	0.45061895
minMapCoverage:	0.45114467
shortestPathHeadingChanges:	12
minHeadingChanges:	5
