sx:	29
sy:	346
ex:	8
ey:	163
shortestPathLength:	184.33044
straightLineDistance:	184.20097
directness:	1.0007029
distanceCoverage:	0.36657363
minMapCoverage:	0.3668313
shortestPathHeadingChanges:	8
minHeadingChanges:	4
