sx:	30
sy:	16
ex:	35
ey:	74
shortestPathLength:	60.005177
straightLineDistance:	58.21512
directness:	1.0307491
distanceCoverage:	0.115852416
minMapCoverage:	0.11941477
shortestPathHeadingChanges:	6
minHeadingChanges:	4
