sx:	30
sy:	138
ex:	35
ey:	6
shortestPathLength:	132.30731
straightLineDistance:	132.09467
directness:	1.0016098
distanceCoverage:	0.2628782
minMapCoverage:	0.2633014
shortestPathHeadingChanges:	8
minHeadingChanges:	4
