sx:	34
sy:	297
ex:	5
ey:	86
shortestPathLength:	213.31003
straightLineDistance:	212.98357
directness:	1.0015328
distanceCoverage:	0.42385316
minMapCoverage:	0.42450282
shortestPathHeadingChanges:	8
minHeadingChanges:	5
