sx:	34
sy:	436
ex:	10
ey:	212
shortestPathLength:	225.4784
straightLineDistance:	225.28204
directness:	1.0008715
distanceCoverage:	0.44832802
minMapCoverage:	0.4487188
shortestPathHeadingChanges:	6
minHeadingChanges:	4
