sx:	40
sy:	211
ex:	37
ey:	349
shortestPathLength:	138.30841
straightLineDistance:	138.03261
directness:	1.0019981
distanceCoverage:	0.27469516
minMapCoverage:	0.27524403
shortestPathHeadingChanges:	7
minHeadingChanges:	4
