sx:	40
sy:	407
ex:	5
ey:	74
shortestPathLength:	335.1238
straightLineDistance:	334.8343
directness:	1.0008646
distanceCoverage:	0.6663452
minMapCoverage:	0.6669213
shortestPathHeadingChanges:	12
minHeadingChanges:	6
