sx:	41
sy:	308
ex:	35
ey:	392
shortestPathLength:	84.49144
straightLineDistance:	84.21401
directness:	1.0032943
distanceCoverage:	0.16759215
minMapCoverage:	0.16814426
shortestPathHeadingChanges:	5
minHeadingChanges:	3
