sx:	41
sy:	352
ex:	12
ey:	235
shortestPathLength:	120.74676
straightLineDistance:	120.54045
directness:	1.0017115
distanceCoverage:	0.23988447
minMapCoverage:	0.24029504
shortestPathHeadingChanges:	9
minHeadingChanges:	4
