sx:	42
sy:	122
ex:	28
ey:	318
shortestPathLength:	196.64499
straightLineDistance:	196.49936
directness:	1.0007411
distanceCoverage:	0.39104834
minMapCoverage:	0.39133817
shortestPathHeadingChanges:	8
minHeadingChanges:	4
