sx:	42
sy:	259
ex:	26
ey:	304
shortestPathLength:	47.928497
straightLineDistance:	47.759815
directness:	1.0035319
distanceCoverage:	0.09504559
minMapCoverage:	0.095381275
shortestPathHeadingChanges:	6
minHeadingChanges:	3
