sx:	43
sy:	177
ex:	36
ey:	313
shortestPathLength:	136.71703
straightLineDistance:	136.18002
directness:	1.0039433
distanceCoverage:	0.27100837
minMapCoverage:	0.27207705
shortestPathHeadingChanges:	7
minHeadingChanges:	4
