sx:	44
sy:	181
ex:	15
ey:	270
shortestPathLength:	94.09039
straightLineDistance:	93.60555
directness:	1.0051796
distanceCoverage:	0.18628201
minMapCoverage:	0.18724689
shortestPathHeadingChanges:	7
minHeadingChanges:	3
