sx:	44
sy:	480
ex:	10
ey:	390
shortestPathLength:	96.57928
straightLineDistance:	96.20811
directness:	1.003858
distanceCoverage:	0.1914613
minMapCoverage:	0.19219995
shortestPathHeadingChanges:	8
minHeadingChanges:	3
