sx:	47
sy:	249
ex:	38
ey:	477
shortestPathLength:	228.39445
straightLineDistance:	228.17757
directness:	1.0009506
distanceCoverage:	0.45409033
minMapCoverage:	0.45452195
shortestPathHeadingChanges:	8
minHeadingChanges:	4
