sx:	48
sy:	360
ex:	19
ey:	33
shortestPathLength:	328.59128
straightLineDistance:	328.28342
directness:	1.0009378
distanceCoverage:	0.65330845
minMapCoverage:	0.65392107
shortestPathHeadingChanges:	15
minHeadingChanges:	6
