sx:	48
sy:	306
ex:	34
ey:	183
shortestPathLength:	123.93675
straightLineDistance:	123.79418
directness:	1.0011517
distanceCoverage:	0.24635963
minMapCoverage:	0.24664336
shortestPathHeadingChanges:	6
minHeadingChanges:	4
