sx:	49
sy:	50
ex:	32
ey:	175
shortestPathLength:	126.235916
straightLineDistance:	126.1507
directness:	1.0006754
distanceCoverage:	0.25104928
minMapCoverage:	0.25121886
shortestPathHeadingChanges:	5
minHeadingChanges:	3
