sx:	5
sy:	376
ex:	7
ey:	481
shortestPathLength:	105.784775
straightLineDistance:	105.01904
directness:	1.0072913
distanceCoverage:	0.20899571
minMapCoverage:	0.21051957
shortestPathHeadingChanges:	7
minHeadingChanges:	4
