sx:	6
sy:	447
ex:	9
ey:	476
shortestPathLength:	29.22375
straightLineDistance:	29.15476
directness:	1.0023663
distanceCoverage:	0.05802014
minMapCoverage:	0.058157437
shortestPathHeadingChanges:	3
minHeadingChanges:	3
