sx:	8
sy:	188
ex:	45
ey:	82
shortestPathLength:	112.39291
straightLineDistance:	112.27199
directness:	1.001077
distanceCoverage:	0.2234296
minMapCoverage:	0.22367024
shortestPathHeadingChanges:	6
minHeadingChanges:	3
