sx:	8
sy:	2
ex:	43
ey:	4
shortestPathLength:	35.11724
straightLineDistance:	35.057095
directness:	1.0017157
distanceCoverage:	0.06976622
minMapCoverage:	0.069885924
shortestPathHeadingChanges:	3
minHeadingChanges:	3
