sx:	8
sy:	319
ex:	50
ey:	56
shortestPathLength:	267.02475
straightLineDistance:	266.3325
directness:	1.0025992
distanceCoverage:	0.5300215
minMapCoverage:	0.53139913
shortestPathHeadingChanges:	11
minHeadingChanges:	5
