sx:	8
sy:	381
ex:	16
ey:	33
shortestPathLength:	349.62775
straightLineDistance:	348.09195
directness:	1.004412
distanceCoverage:	0.6927289
minMapCoverage:	0.6957852
shortestPathHeadingChanges:	18
minHeadingChanges:	7
