sx:	8
sy:	387
ex:	6
ey:	192
shortestPathLength:	195.6774
straightLineDistance:	195.01025
directness:	1.0034211
distanceCoverage:	0.38808492
minMapCoverage:	0.38941258
shortestPathHeadingChanges:	10
minHeadingChanges:	4
