sx:	0
sy:	18
ex:	16
ey:	10
shortestPathLength:	19.889011
straightLineDistance:	17.888544
directness:	1.1118295
distanceCoverage:	0.6324555
minMapCoverage:	0.70318276
shortestPathHeadingChanges:	5
minHeadingChanges:	5
