sx:	1
sy:	12
ex:	18
ey:	10
shortestPathLength:	19.076475
straightLineDistance:	17.117243
directness:	1.1144596
distanceCoverage:	0.6051859
minMapCoverage:	0.6744552
shortestPathHeadingChanges:	6
minHeadingChanges:	4
