sx:	1
sy:	12
ex:	11
ey:	3
shortestPathLength:	13.696599
straightLineDistance:	13.453624
directness:	1.0180602
distanceCoverage:	0.47565743
minMapCoverage:	0.4842479
shortestPathHeadingChanges:	5
minHeadingChanges:	4
