sx:	11
sy:	1
ex:	13
ey:	13
shortestPathLength:	12.496977
straightLineDistance:	12.165525
directness:	1.0272452
distanceCoverage:	0.43011627
minMapCoverage:	0.44183487
shortestPathHeadingChanges:	4
minHeadingChanges:	4
