sx:	12
sy:	19
ex:	11
ey:	13
shortestPathLength:	6.236068
straightLineDistance:	6.0827627
directness:	1.0252032
distanceCoverage:	0.21505813
minMapCoverage:	0.2204783
shortestPathHeadingChanges:	4
minHeadingChanges:	3
