sx:	15
sy:	12
ex:	12
ey:	17
shortestPathLength:	5.8863497
straightLineDistance:	5.8309517
directness:	1.0095006
distanceCoverage:	0.20615527
minMapCoverage:	0.2081139
shortestPathHeadingChanges:	3
minHeadingChanges:	3
