sx:	15
sy:	19
ex:	14
ey:	1
shortestPathLength:	19.783531
straightLineDistance:	18.027756
directness:	1.0973929
distanceCoverage:	0.63737744
minMapCoverage:	0.6994535
shortestPathHeadingChanges:	5
minHeadingChanges:	4
