sx:	18
sy:	16
ex:	16
ey:	4
shortestPathLength:	18.329887
straightLineDistance:	12.165525
directness:	1.5067074
distanceCoverage:	0.43011627
minMapCoverage:	0.64805937
shortestPathHeadingChanges:	5
minHeadingChanges:	4
