sx:	19
sy:	18
ex:	12
ey:	3
shortestPathLength:	18.280428
straightLineDistance:	16.552946
directness:	1.1043609
distanceCoverage:	0.585235
minMapCoverage:	0.64631075
shortestPathHeadingChanges:	6
minHeadingChanges:	4
