sx:	19
sy:	11
ex:	6
ey:	13
shortestPathLength:	13.165525
straightLineDistance:	13.152946
directness:	1.0009564
distanceCoverage:	0.4650269
minMapCoverage:	0.46547163
shortestPathHeadingChanges:	3
minHeadingChanges:	3
