sx:	3
sy:	15
ex:	11
ey:	1
shortestPathLength:	16.565506
straightLineDistance:	16.124516
directness:	1.0273491
distanceCoverage:	0.57008773
minMapCoverage:	0.58567905
shortestPathHeadingChanges:	4
minHeadingChanges:	3
