sx:	3
sy:	5
ex:	18
ey:	14
shortestPathLength:	18.254887
straightLineDistance:	17.492855
directness:	1.0435624
distanceCoverage:	0.61846584
minMapCoverage:	0.6454077
shortestPathHeadingChanges:	4
minHeadingChanges:	4
