sx:	4
sy:	13
ex:	15
ey:	16
shortestPathLength:	16.37243
straightLineDistance:	11.401754
directness:	1.4359572
distanceCoverage:	0.4031129
minMapCoverage:	0.57885283
shortestPathHeadingChanges:	5
minHeadingChanges:	5
