sx:	5
sy:	17
ex:	9
ey:	15
shortestPathLength:	7.7082043
straightLineDistance:	4.472136
directness:	1.7236068
distanceCoverage:	0.15811388
minMapCoverage:	0.27252617
shortestPathHeadingChanges:	4
minHeadingChanges:	4
