sx:	6
sy:	19
ex:	15
ey:	4
shortestPathLength:	19.683325
straightLineDistance:	17.492855
directness:	1.1252208
distanceCoverage:	0.61846584
minMapCoverage:	0.69591063
shortestPathHeadingChanges:	5
minHeadingChanges:	4
