sx:	6
sy:	2
ex:	14
ey:	16
shortestPathLength:	16.826988
straightLineDistance:	16.124516
directness:	1.0435655
distanceCoverage:	0.57008773
minMapCoverage:	0.59492385
shortestPathHeadingChanges:	6
minHeadingChanges:	4
