sx:	7
sy:	14
ex:	1
ey:	5
shortestPathLength:	14.126753
straightLineDistance:	10.816654
directness:	1.3060187
distanceCoverage:	0.38242647
minMapCoverage:	0.49945614
shortestPathHeadingChanges:	5
minHeadingChanges:	4
