sx:	7
sy:	7
ex:	3
ey:	17
shortestPathLength:	10.780071
straightLineDistance:	10.770329
directness:	1.0009046
distanceCoverage:	0.38078865
minMapCoverage:	0.38113308
shortestPathHeadingChanges:	3
minHeadingChanges:	3
