sx:	8
sy:	10
ex:	19
ey:	3
shortestPathLength:	14.561471
straightLineDistance:	13.038404
directness:	1.1168139
distanceCoverage:	0.4609772
minMapCoverage:	0.51482576
shortestPathHeadingChanges:	5
minHeadingChanges:	4
