sx:	8
sy:	12
ex:	20
ey:	18
shortestPathLength:	14.564032
straightLineDistance:	13.416408
directness:	1.0855389
distanceCoverage:	0.47434163
minMapCoverage:	0.5149163
shortestPathHeadingChanges:	3
minHeadingChanges:	3
