sx:	10
sy:	27
ex:	35
ey:	29
shortestPathLength:	25.352444
straightLineDistance:	25.079872
directness:	1.0108682
distanceCoverage:	0.35468295
minMapCoverage:	0.3585377
shortestPathHeadingChanges:	4
minHeadingChanges:	3
