sx:	10
sy:	37
ex:	27
ey:	44
shortestPathLength:	18.703777
straightLineDistance:	18.384777
directness:	1.0173513
distanceCoverage:	0.26000002
minMapCoverage:	0.26451135
shortestPathHeadingChanges:	5
minHeadingChanges:	5
