sx:	10
sy:	36
ex:	42
ey:	45
shortestPathLength:	35.182396
straightLineDistance:	33.24154
directness:	1.0583864
distanceCoverage:	0.47010636
minMapCoverage:	0.4975542
shortestPathHeadingChanges:	8
minHeadingChanges:	4
