sx:	12
sy:	46
ex:	36
ey:	25
shortestPathLength:	32.309814
straightLineDistance:	31.890438
directness:	1.0131506
distanceCoverage:	0.4509989
minMapCoverage:	0.45692977
shortestPathHeadingChanges:	6
minHeadingChanges:	4
