sx:	12
sy:	42
ex:	47
ey:	27
shortestPathLength:	38.128162
straightLineDistance:	38.078865
directness:	1.0012946
distanceCoverage:	0.53851646
minMapCoverage:	0.53921366
shortestPathHeadingChanges:	4
minHeadingChanges:	4
