sx:	13
sy:	19
ex:	10
ey:	46
shortestPathLength:	27.34835
straightLineDistance:	27.166155
directness:	1.0067067
distanceCoverage:	0.38418746
minMapCoverage:	0.38676408
shortestPathHeadingChanges:	3
minHeadingChanges:	3
