sx:	15
sy:	33
ex:	41
ey:	24
shortestPathLength:	27.93133
straightLineDistance:	27.513634
directness:	1.0151814
distanceCoverage:	0.38910154
minMapCoverage:	0.39500865
shortestPathHeadingChanges:	7
minHeadingChanges:	4
