sx:	15
sy:	48
ex:	43
ey:	39
shortestPathLength:	29.778023
straightLineDistance:	29.410883
directness:	1.0124831
distanceCoverage:	0.4159327
minMapCoverage:	0.42112485
shortestPathHeadingChanges:	6
minHeadingChanges:	4
