sx:	16
sy:	15
ex:	21
ey:	16
shortestPathLength:	6.8284273
straightLineDistance:	5.0990195
directness:	1.3391647
distanceCoverage:	0.072111025
minMapCoverage:	0.09656855
shortestPathHeadingChanges:	5
minHeadingChanges:	3
