sx:	2
sy:	47
ex:	34
ey:	48
shortestPathLength:	32.123104
straightLineDistance:	32.01562
directness:	1.0033572
distanceCoverage:	0.45276925
minMapCoverage:	0.4542893
shortestPathHeadingChanges:	3
minHeadingChanges:	3
