sx:	20
sy:	47
ex:	42
ey:	16
shortestPathLength:	38.521805
straightLineDistance:	38.013157
directness:	1.0133809
distanceCoverage:	0.5375872
minMapCoverage:	0.5447806
shortestPathHeadingChanges:	8
minHeadingChanges:	4
