sx:	20
sy:	48
ex:	7
ey:	49
shortestPathLength:	13.660936
straightLineDistance:	13.038404
directness:	1.0477461
distanceCoverage:	0.18439089
minMapCoverage:	0.19319482
shortestPathHeadingChanges:	4
minHeadingChanges:	3
