sx:	21
sy:	11
ex:	13
ey:	35
shortestPathLength:	27.985867
straightLineDistance:	25.298222
directness:	1.1062385
distanceCoverage:	0.3577709
minMapCoverage:	0.3957799
shortestPathHeadingChanges:	5
minHeadingChanges:	4
