sx:	21
sy:	24
ex:	11
ey:	7
shortestPathLength:	20.050854
straightLineDistance:	19.723083
directness:	1.0166186
distanceCoverage:	0.27892652
minMapCoverage:	0.2835619
shortestPathHeadingChanges:	4
minHeadingChanges:	3
