sx:	21
sy:	47
ex:	9
ey:	27
shortestPathLength:	24.337444
straightLineDistance:	23.323807
directness:	1.0434593
distanceCoverage:	0.32984844
minMapCoverage:	0.34418344
shortestPathHeadingChanges:	5
minHeadingChanges:	4
