sx:	22
sy:	31
ex:	0
ey:	30
shortestPathLength:	22.609787
straightLineDistance:	22.022715
directness:	1.0266576
distanceCoverage:	0.31144822
minMapCoverage:	0.31975067
shortestPathHeadingChanges:	5
minHeadingChanges:	3
