sx:	23
sy:	42
ex:	41
ey:	38
shortestPathLength:	20.472136
straightLineDistance:	18.439089
directness:	1.1102574
distanceCoverage:	0.2607681
minMapCoverage:	0.28951973
shortestPathHeadingChanges:	3
minHeadingChanges:	3
