sx:	24
sy:	20
ex:	4
ey:	26
shortestPathLength:	21.648165
straightLineDistance:	20.880613
directness:	1.036759
distanceCoverage:	0.29529646
minMapCoverage:	0.30615127
shortestPathHeadingChanges:	5
minHeadingChanges:	3
