sx:	28
sy:	24
ex:	26
ey:	47
shortestPathLength:	23.400585
straightLineDistance:	23.086792
directness:	1.0135919
distanceCoverage:	0.32649654
minMapCoverage:	0.33093426
shortestPathHeadingChanges:	4
minHeadingChanges:	4
