sx:	28
sy:	48
ex:	7
ey:	11
shortestPathLength:	44.51451
straightLineDistance:	42.544094
directness:	1.0463147
distanceCoverage:	0.60166436
minMapCoverage:	0.62953025
shortestPathHeadingChanges:	9
minHeadingChanges:	6
