sx:	29
sy:	4
ex:	12
ey:	44
shortestPathLength:	46.82427
straightLineDistance:	43.462627
directness:	1.0773456
distanceCoverage:	0.61465436
minMapCoverage:	0.66219515
shortestPathHeadingChanges:	7
minHeadingChanges:	3
