sx:	3
sy:	10
ex:	26
ey:	11
shortestPathLength:	26.520683
straightLineDistance:	23.021729
directness:	1.1519849
distanceCoverage:	0.3255764
minMapCoverage:	0.3750591
shortestPathHeadingChanges:	6
minHeadingChanges:	5
