sx:	33
sy:	4
ex:	41
ey:	7
shortestPathLength:	8.595242
straightLineDistance:	8.5440035
directness:	1.005997
distanceCoverage:	0.120830454
minMapCoverage:	0.121555075
shortestPathHeadingChanges:	3
minHeadingChanges:	3
