sx:	37
sy:	23
ex:	12
ey:	12
shortestPathLength:	27.993652
straightLineDistance:	27.313
directness:	1.0249205
distanceCoverage:	0.38626415
minMapCoverage:	0.39589003
shortestPathHeadingChanges:	6
minHeadingChanges:	3
