sx:	37
sy:	41
ex:	40
ey:	33
shortestPathLength:	12.4158
straightLineDistance:	8.5440035
directness:	1.4531596
distanceCoverage:	0.120830454
minMapCoverage:	0.17558593
shortestPathHeadingChanges:	4
minHeadingChanges:	4
