sx:	38
sy:	44
ex:	25
ey:	45
shortestPathLength:	16.3269
straightLineDistance:	13.038404
directness:	1.2522161
distanceCoverage:	0.18439089
minMapCoverage:	0.23089725
shortestPathHeadingChanges:	7
minHeadingChanges:	4
