sx:	39
sy:	3
ex:	11
ey:	9
shortestPathLength:	28.769728
straightLineDistance:	28.635643
directness:	1.0046824
distanceCoverage:	0.40496916
minMapCoverage:	0.4068654
shortestPathHeadingChanges:	3
minHeadingChanges:	3
