sx:	44
sy:	24
ex:	7
ey:	15
shortestPathLength:	38.097424
straightLineDistance:	38.078865
directness:	1.0004873
distanceCoverage:	0.53851646
minMapCoverage:	0.53877896
shortestPathHeadingChanges:	3
minHeadingChanges:	3
