sx:	46
sy:	33
ex:	22
ey:	34
shortestPathLength:	25.2952
straightLineDistance:	24.020824
directness:	1.053053
distanceCoverage:	0.33970577
minMapCoverage:	0.35772815
shortestPathHeadingChanges:	5
minHeadingChanges:	4
