sx:	49
sy:	45
ex:	17
ey:	33
shortestPathLength:	34.781372
straightLineDistance:	34.176014
directness:	1.017713
distanceCoverage:	0.48332182
minMapCoverage:	0.4918829
shortestPathHeadingChanges:	7
minHeadingChanges:	5
