sx:	5
sy:	14
ex:	49
ey:	35
shortestPathLength:	49.150112
straightLineDistance:	48.754486
directness:	1.0081147
distanceCoverage:	0.6894926
minMapCoverage:	0.69508755
shortestPathHeadingChanges:	4
minHeadingChanges:	4
