sx:	50
sy:	16
ex:	6
ey:	34
shortestPathLength:	50.766705
straightLineDistance:	47.539455
directness:	1.0678858
distanceCoverage:	0.6723094
minMapCoverage:	0.7179496
shortestPathHeadingChanges:	10
minHeadingChanges:	4
