sx:	6
sy:	16
ex:	20
ey:	42
shortestPathLength:	32.178947
straightLineDistance:	29.529646
directness:	1.0897167
distanceCoverage:	0.41761225
minMapCoverage:	0.45507905
shortestPathHeadingChanges:	7
minHeadingChanges:	4
