sx:	6
sy:	28
ex:	30
ey:	7
shortestPathLength:	34.174454
straightLineDistance:	31.890438
directness:	1.0716207
distanceCoverage:	0.4509989
minMapCoverage:	0.48329976
shortestPathHeadingChanges:	7
minHeadingChanges:	4
