sx:	9
sy:	48
ex:	34
ey:	31
shortestPathLength:	30.525263
straightLineDistance:	30.232433
directness:	1.009686
distanceCoverage:	0.42755118
minMapCoverage:	0.43169242
shortestPathHeadingChanges:	4
minHeadingChanges:	3
