sx:	1
sy:	361
ex:	343
ey:	383
shortestPathLength:	346.53738
straightLineDistance:	342.70688
directness:	1.0111772
distanceCoverage:	0.48466069
minMapCoverage:	0.49007785
shortestPathHeadingChanges:	33
minHeadingChanges:	15
