sx:	103
sy:	246
ex:	483
ey:	383
shortestPathLength:	407.89896
straightLineDistance:	403.94183
directness:	1.0097963
distanceCoverage:	0.57126
minMapCoverage:	0.5768562
shortestPathHeadingChanges:	37
minHeadingChanges:	19
