sx:	107
sy:	380
ex:	136
ey:	36
shortestPathLength:	351.1756
straightLineDistance:	345.2202
directness:	1.017251
distanceCoverage:	0.4882151
minMapCoverage:	0.49663728
shortestPathHeadingChanges:	37
minHeadingChanges:	13
