sx:	11
sy:	344
ex:	389
ey:	364
shortestPathLength:	383.18982
straightLineDistance:	378.52872
directness:	1.0123137
distanceCoverage:	0.5353204
minMapCoverage:	0.5419122
shortestPathHeadingChanges:	41
minHeadingChanges:	17
