sx:	113
sy:	138
ex:	322
ey:	55
shortestPathLength:	228.30374
straightLineDistance:	224.87775
directness:	1.015235
distanceCoverage:	0.31802514
minMapCoverage:	0.32287022
shortestPathHeadingChanges:	27
minHeadingChanges:	12
