sx:	122
sy:	391
ex:	176
ey:	209
shortestPathLength:	192.52885
straightLineDistance:	189.84204
directness:	1.0141529
distanceCoverage:	0.26847717
minMapCoverage:	0.2722769
shortestPathHeadingChanges:	21
minHeadingChanges:	10
