sx:	126
sy:	55
ex:	155
ey:	188
shortestPathLength:	138.64925
straightLineDistance:	136.12494
directness:	1.0185441
distanceCoverage:	0.19250973
minMapCoverage:	0.19607964
shortestPathHeadingChanges:	11
minHeadingChanges:	7
