sx:	153
sy:	410
ex:	467
ey:	298
shortestPathLength:	339.65698
straightLineDistance:	333.37668
directness:	1.0188384
distanceCoverage:	0.4714658
minMapCoverage:	0.48034748
shortestPathHeadingChanges:	33
minHeadingChanges:	14
