sx:	178
sy:	33
ex:	197
ey:	187
shortestPathLength:	157.6925
straightLineDistance:	155.16765
directness:	1.0162718
distanceCoverage:	0.21944018
minMapCoverage:	0.22301087
shortestPathHeadingChanges:	19
minHeadingChanges:	9
