sx:	189
sy:	218
ex:	311
ey:	246
shortestPathLength:	128.05434
straightLineDistance:	125.17188
directness:	1.023028
distanceCoverage:	0.17701976
minMapCoverage:	0.18109617
shortestPathHeadingChanges:	12
minHeadingChanges:	7
