sx:	200
sy:	84
ex:	276
ey:	500
shortestPathLength:	429.84195
straightLineDistance:	422.8853
directness:	1.0164504
distanceCoverage:	0.5980501
minMapCoverage:	0.6078883
shortestPathHeadingChanges:	42
minHeadingChanges:	18
