sx:	217
sy:	383
ex:	64
ey:	30
shortestPathLength:	391.44623
straightLineDistance:	384.73108
directness:	1.0174541
distanceCoverage:	0.5440919
minMapCoverage:	0.55358857
shortestPathHeadingChanges:	59
minHeadingChanges:	16
