sx:	234
sy:	379
ex:	494
ey:	368
shortestPathLength:	263.75955
straightLineDistance:	260.23257
directness:	1.0135531
distanceCoverage:	0.3680244
minMapCoverage:	0.37301233
shortestPathHeadingChanges:	33
minHeadingChanges:	11
