sx:	241
sy:	40
ex:	87
ey:	131
shortestPathLength:	182.50453
straightLineDistance:	178.87706
directness:	1.0202792
distanceCoverage:	0.25297037
minMapCoverage:	0.25810036
shortestPathHeadingChanges:	28
minHeadingChanges:	11
