sx:	25
sy:	317
ex:	96
ey:	31
shortestPathLength:	300.18234
straightLineDistance:	294.68118
directness:	1.0186682
distanceCoverage:	0.41674212
minMapCoverage:	0.42452192
shortestPathHeadingChanges:	31
minHeadingChanges:	14
