sx:	258
sy:	283
ex:	265
ey:	246
shortestPathLength:	38.055412
straightLineDistance:	37.65634
directness:	1.0105977
distanceCoverage:	0.053254105
minMapCoverage:	0.05381848
shortestPathHeadingChanges:	4
minHeadingChanges:	4
