sx:	259
sy:	457
ex:	162
ey:	362
shortestPathLength:	138.38208
straightLineDistance:	135.77187
directness:	1.019225
distanceCoverage:	0.1920104
minMapCoverage:	0.19570181
shortestPathHeadingChanges:	21
minHeadingChanges:	7
