sx:	29
sy:	199
ex:	392
ey:	301
shortestPathLength:	382.21442
straightLineDistance:	377.05835
directness:	1.0136745
distanceCoverage:	0.53324103
minMapCoverage:	0.54053277
shortestPathHeadingChanges:	42
minHeadingChanges:	14
