sx:	290
sy:	165
ex:	95
ey:	250
shortestPathLength:	215.55202
straightLineDistance:	212.72047
directness:	1.0133111
distanceCoverage:	0.30083215
minMapCoverage:	0.30483657
shortestPathHeadingChanges:	25
minHeadingChanges:	11
