sx:	30
sy:	487
ex:	356
ey:	133
shortestPathLength:	487.75302
straightLineDistance:	481.24005
directness:	1.0135337
distanceCoverage:	0.6805762
minMapCoverage:	0.6897869
shortestPathHeadingChanges:	48
minHeadingChanges:	19
