sx:	303
sy:	382
ex:	366
ey:	366
shortestPathLength:	67.2354
straightLineDistance:	65.0
directness:	1.0343907
distanceCoverage:	0.09192388
minMapCoverage:	0.0950852
shortestPathHeadingChanges:	10
minHeadingChanges:	5
