sx:	310
sy:	268
ex:	413
ey:	333
shortestPathLength:	124.778
straightLineDistance:	121.79491
directness:	1.0244927
distanceCoverage:	0.172244
minMapCoverage:	0.17646272
shortestPathHeadingChanges:	14
minHeadingChanges:	7
