sx:	311
sy:	263
ex:	32
ey:	17
shortestPathLength:	381.00546
straightLineDistance:	371.9637
directness:	1.0243082
distanceCoverage:	0.5260361
minMapCoverage:	0.53882307
shortestPathHeadingChanges:	42
minHeadingChanges:	17
