sx:	314
sy:	455
ex:	27
ey:	233
shortestPathLength:	371.95206
straightLineDistance:	362.84018
directness:	1.0251126
distanceCoverage:	0.51313347
minMapCoverage:	0.52601963
shortestPathHeadingChanges:	45
minHeadingChanges:	16
