sx:	315
sy:	221
ex:	143
ey:	333
shortestPathLength:	207.92194
straightLineDistance:	205.25107
directness:	1.0130126
distanceCoverage:	0.29026884
minMapCoverage:	0.294046
shortestPathHeadingChanges:	21
minHeadingChanges:	9
