sx:	338
sy:	85
ex:	215
ey:	199
shortestPathLength:	170.0668
straightLineDistance:	167.7051
directness:	1.0140826
distanceCoverage:	0.2371708
minMapCoverage:	0.24051076
shortestPathHeadingChanges:	24
minHeadingChanges:	8
