sx:	34
sy:	367
ex:	196
ey:	290
shortestPathLength:	181.11548
straightLineDistance:	179.36833
directness:	1.0097406
distanceCoverage:	0.25366512
minMapCoverage:	0.25613594
shortestPathHeadingChanges:	17
minHeadingChanges:	10
