sx:	351
sy:	158
ex:	288
ey:	123
shortestPathLength:	72.842224
straightLineDistance:	72.06941
directness:	1.0107231
distanceCoverage:	0.101921536
minMapCoverage:	0.103014454
shortestPathHeadingChanges:	9
minHeadingChanges:	6
