sx:	357
sy:	221
ex:	490
ey:	90
shortestPathLength:	189.41824
straightLineDistance:	186.68155
directness:	1.0146596
distanceCoverage:	0.26400757
minMapCoverage:	0.26787785
shortestPathHeadingChanges:	22
minHeadingChanges:	10
