sx:	359
sy:	258
ex:	15
ey:	181
shortestPathLength:	357.53564
straightLineDistance:	352.51242
directness:	1.0142498
distanceCoverage:	0.49852782
minMapCoverage:	0.50563174
shortestPathHeadingChanges:	31
minHeadingChanges:	14
