sx:	367
sy:	200
ex:	164
ey:	46
shortestPathLength:	260.35654
straightLineDistance:	254.80385
directness:	1.021792
distanceCoverage:	0.36034703
minMapCoverage:	0.36819974
shortestPathHeadingChanges:	30
minHeadingChanges:	12
