sx:	369
sy:	2
ex:	410
ey:	96
shortestPathLength:	107.254395
straightLineDistance:	102.55243
directness:	1.0458493
distanceCoverage:	0.14503103
minMapCoverage:	0.15168062
shortestPathHeadingChanges:	14
minHeadingChanges:	9
