sx:	378
sy:	45
ex:	108
ey:	117
shortestPathLength:	283.3849
straightLineDistance:	279.43515
directness:	1.0141348
distanceCoverage:	0.39518097
minMapCoverage:	0.40076673
shortestPathHeadingChanges:	31
minHeadingChanges:	12
