sx:	378
sy:	43
ex:	16
ey:	41
shortestPathLength:	366.14294
straightLineDistance:	362.00552
directness:	1.0114292
distanceCoverage:	0.5119531
minMapCoverage:	0.5178043
shortestPathHeadingChanges:	32
minHeadingChanges:	17
