sx:	379
sy:	339
ex:	334
ey:	195
shortestPathLength:	153.99199
straightLineDistance:	150.8675
directness:	1.0207102
distanceCoverage:	0.21335885
minMapCoverage:	0.21777755
shortestPathHeadingChanges:	18
minHeadingChanges:	9
