sx:	400
sy:	174
ex:	120
ey:	112
shortestPathLength:	292.80856
straightLineDistance:	286.78214
directness:	1.021014
distanceCoverage:	0.40557116
minMapCoverage:	0.41409382
shortestPathHeadingChanges:	30
minHeadingChanges:	13
