sx:	416
sy:	17
ex:	273
ey:	435
shortestPathLength:	446.52167
straightLineDistance:	441.78387
directness:	1.0107242
distanceCoverage:	0.6247767
minMapCoverage:	0.631477
shortestPathHeadingChanges:	39
minHeadingChanges:	19
