sx:	428
sy:	59
ex:	241
ey:	369
shortestPathLength:	368.17233
straightLineDistance:	362.03452
directness:	1.0169537
distanceCoverage:	0.5119941
minMapCoverage:	0.5206743
shortestPathHeadingChanges:	47
minHeadingChanges:	15
