sx:	433
sy:	425
ex:	205
ey:	278
shortestPathLength:	274.68518
straightLineDistance:	271.2803
directness:	1.0125512
distanceCoverage:	0.38364828
minMapCoverage:	0.3884635
shortestPathHeadingChanges:	35
minHeadingChanges:	14
