sx:	437
sy:	290
ex:	18
ey:	299
shortestPathLength:	422.48404
straightLineDistance:	419.09665
directness:	1.0080826
distanceCoverage:	0.59269214
minMapCoverage:	0.5974826
shortestPathHeadingChanges:	33
minHeadingChanges:	18
