sx:	441
sy:	128
ex:	327
ey:	256
shortestPathLength:	173.5019
straightLineDistance:	171.40594
directness:	1.012228
distanceCoverage:	0.2424046
minMapCoverage:	0.24536873
shortestPathHeadingChanges:	23
minHeadingChanges:	9
