sx:	478
sy:	374
ex:	367
ey:	67
shortestPathLength:	329.21143
straightLineDistance:	326.45062
directness:	1.0084571
distanceCoverage:	0.46167088
minMapCoverage:	0.46557525
shortestPathHeadingChanges:	30
minHeadingChanges:	15
