sx:	63
sy:	48
ex:	240
ey:	66
shortestPathLength:	179.40308
straightLineDistance:	177.9129
directness:	1.0083759
distanceCoverage:	0.25160682
minMapCoverage:	0.25371426
shortestPathHeadingChanges:	19
minHeadingChanges:	10
