sx:	64
sy:	123
ex:	45
ey:	65
shortestPathLength:	62.211143
straightLineDistance:	61.03278
directness:	1.019307
distanceCoverage:	0.08631338
minMapCoverage:	0.08797984
shortestPathHeadingChanges:	9
minHeadingChanges:	6
