sx:	75
sy:	203
ex:	96
ey:	296
shortestPathLength:	96.75434
straightLineDistance:	95.34149
directness:	1.0148188
distanceCoverage:	0.13483323
minMapCoverage:	0.1368313
shortestPathHeadingChanges:	13
minHeadingChanges:	6
