sx:	87
sy:	436
ex:	114
ey:	61
shortestPathLength:	380.4346
straightLineDistance:	375.97073
directness:	1.0118729
distanceCoverage:	0.5317029
minMapCoverage:	0.5380157
shortestPathHeadingChanges:	34
minHeadingChanges:	17
