sx:	96
sy:	324
ex:	430
ey:	88
shortestPathLength:	422.75272
straightLineDistance:	408.96454
directness:	1.0337149
distanceCoverage:	0.5783632
minMapCoverage:	0.5978626
shortestPathHeadingChanges:	49
minHeadingChanges:	17
