sx:	96
sy:	457
ex:	3
ey:	360
shortestPathLength:	136.74174
straightLineDistance:	134.38005
directness:	1.0175748
distanceCoverage:	0.19004208
minMapCoverage:	0.19338202
shortestPathHeadingChanges:	14
minHeadingChanges:	8
