sx:	0
sy:	14
ex:	22
ey:	12
shortestPathLength:	36.26107
straightLineDistance:	22.090721
directness:	1.6414616
distanceCoverage:	0.5206833
minMapCoverage:	0.8546816
shortestPathHeadingChanges:	12
minHeadingChanges:	7
