sx:	0
sy:	27
ex:	25
ey:	28
shortestPathLength:	27.572765
straightLineDistance:	25.019993
directness:	1.1020293
distanceCoverage:	0.58972687
minMapCoverage:	0.6498963
shortestPathHeadingChanges:	8
minHeadingChanges:	6
