sx:	1
sy:	30
ex:	13
ey:	28
shortestPathLength:	12.285943
straightLineDistance:	12.165525
directness:	1.0098983
distanceCoverage:	0.28674418
minMapCoverage:	0.28958246
shortestPathHeadingChanges:	3
minHeadingChanges:	3
