sx:	10
sy:	16
ex:	14
ey:	5
shortestPathLength:	26.484657
straightLineDistance:	11.7046995
directness:	2.262737
distanceCoverage:	0.27588242
minMapCoverage:	0.62424934
shortestPathHeadingChanges:	7
minHeadingChanges:	6
