sx:	10
sy:	15
ex:	17
ey:	4
shortestPathLength:	27.578915
straightLineDistance:	13.038404
directness:	2.1152062
distanceCoverage:	0.30731815
minMapCoverage:	0.6500412
shortestPathHeadingChanges:	7
minHeadingChanges:	6
