sx:	11
sy:	2
ex:	0
ey:	21
shortestPathLength:	22.423683
straightLineDistance:	21.954498
directness:	1.0213708
distanceCoverage:	0.5174725
minMapCoverage:	0.52853125
shortestPathHeadingChanges:	6
minHeadingChanges:	4
