sx:	11
sy:	21
ex:	19
ey:	22
shortestPathLength:	8.236068
straightLineDistance:	8.062258
directness:	1.0215585
distanceCoverage:	0.19002923
minMapCoverage:	0.19412598
shortestPathHeadingChanges:	3
minHeadingChanges:	3
