sx:	12
sy:	20
ex:	23
ey:	10
shortestPathLength:	19.640985
straightLineDistance:	14.866069
directness:	1.3211956
distanceCoverage:	0.3503966
minMapCoverage:	0.46294248
shortestPathHeadingChanges:	7
minHeadingChanges:	4
