sx:	14
sy:	29
ex:	28
ey:	30
shortestPathLength:	17.084259
straightLineDistance:	14.035668
directness:	1.2172031
distanceCoverage:	0.33082387
minMapCoverage:	0.40267986
shortestPathHeadingChanges:	7
minHeadingChanges:	6
