sx:	14
sy:	9
ex:	24
ey:	15
shortestPathLength:	14.298326
straightLineDistance:	11.661903
directness:	1.2260714
distanceCoverage:	0.2748737
minMapCoverage:	0.33701476
shortestPathHeadingChanges:	4
minHeadingChanges:	4
