sx:	16
sy:	10
ex:	26
ey:	26
shortestPathLength:	23.419037
straightLineDistance:	18.867962
directness:	1.2412065
distanceCoverage:	0.44472212
minMapCoverage:	0.551992
shortestPathHeadingChanges:	8
minHeadingChanges:	7
