sx:	16
sy:	25
ex:	1
ey:	15
shortestPathLength:	27.689812
straightLineDistance:	18.027756
directness:	1.5359545
distanceCoverage:	0.42491826
minMapCoverage:	0.6526551
shortestPathHeadingChanges:	6
minHeadingChanges:	6
