sx:	17
sy:	15
ex:	10
ey:	11
shortestPathLength:	24.58058
straightLineDistance:	8.062258
directness:	3.0488458
distanceCoverage:	0.19002923
minMapCoverage:	0.57936984
shortestPathHeadingChanges:	6
minHeadingChanges:	6
