sx:	17
sy:	17
ex:	23
ey:	19
shortestPathLength:	7.236068
straightLineDistance:	6.3245554
directness:	1.1441227
distanceCoverage:	0.1490712
minMapCoverage:	0.17055576
shortestPathHeadingChanges:	4
minHeadingChanges:	3
