sx:	18
sy:	17
ex:	23
ey:	10
shortestPathLength:	11.365746
straightLineDistance:	8.602325
directness:	1.321241
distanceCoverage:	0.20275876
minMapCoverage:	0.2678932
shortestPathHeadingChanges:	5
minHeadingChanges:	4
