sx:	18
sy:	5
ex:	8
ey:	12
shortestPathLength:	17.046318
straightLineDistance:	12.206555
directness:	1.3964888
distanceCoverage:	0.28771126
minMapCoverage:	0.40178558
shortestPathHeadingChanges:	5
minHeadingChanges:	5
