sx:	19
sy:	2
ex:	21
ey:	19
shortestPathLength:	18.886349
straightLineDistance:	17.117243
directness:	1.1033523
distanceCoverage:	0.40345728
minMapCoverage:	0.4451555
shortestPathHeadingChanges:	6
minHeadingChanges:	5
