sx:	2
sy:	10
ex:	10
ey:	15
shortestPathLength:	22.990704
straightLineDistance:	9.433981
directness:	2.4370098
distanceCoverage:	0.22236106
minMapCoverage:	0.5418961
shortestPathHeadingChanges:	9
minHeadingChanges:	6
