sx:	2
sy:	25
ex:	24
ey:	13
shortestPathLength:	31.089607
straightLineDistance:	25.059929
directness:	1.2406104
distanceCoverage:	0.5906682
minMapCoverage:	0.7327891
shortestPathHeadingChanges:	11
minHeadingChanges:	7
