sx:	20
sy:	27
ex:	28
ey:	20
shortestPathLength:	11.226784
straightLineDistance:	10.630146
directness:	1.056127
distanceCoverage:	0.25055495
minMapCoverage:	0.26461783
shortestPathHeadingChanges:	4
minHeadingChanges:	4
