sx:	21
sy:	5
ex:	25
ey:	11
shortestPathLength:	22.596254
straightLineDistance:	7.2111025
directness:	3.1335368
distanceCoverage:	0.16996731
minMapCoverage:	0.5325988
shortestPathHeadingChanges:	6
minHeadingChanges:	5
