sx:	21
sy:	5
ex:	25
ey:	13
shortestPathLength:	20.84819
straightLineDistance:	8.944272
directness:	2.3308985
distanceCoverage:	0.21081851
minMapCoverage:	0.49139655
shortestPathHeadingChanges:	5
minHeadingChanges:	5
