sx:	24
sy:	26
ex:	12
ey:	5
shortestPathLength:	24.946918
straightLineDistance:	24.186773
directness:	1.0314281
distanceCoverage:	0.57008773
minMapCoverage:	0.5880045
shortestPathHeadingChanges:	7
minHeadingChanges:	6
