sx:	24
sy:	30
ex:	25
ey:	14
shortestPathLength:	16.634413
straightLineDistance:	16.03122
directness:	1.0376261
distanceCoverage:	0.37785947
minMapCoverage:	0.39207688
shortestPathHeadingChanges:	5
minHeadingChanges:	5
