sx:	25
sy:	14
ex:	18
ey:	30
shortestPathLength:	17.855461
straightLineDistance:	17.464249
directness:	1.0224007
distanceCoverage:	0.4116363
minMapCoverage:	0.42085725
shortestPathHeadingChanges:	5
minHeadingChanges:	4
