sx:	25
sy:	10
ex:	5
ey:	12
shortestPathLength:	34.080894
straightLineDistance:	20.09975
directness:	1.695588
distanceCoverage:	0.47375566
minMapCoverage:	0.80329436
shortestPathHeadingChanges:	8
minHeadingChanges:	7
