sx:	25
sy:	15
ex:	28
ey:	13
shortestPathLength:	4.1622777
straightLineDistance:	3.6055512
directness:	1.1544081
distanceCoverage:	0.084983654
minMapCoverage:	0.098105825
shortestPathHeadingChanges:	3
minHeadingChanges:	3
