sx:	25
sy:	20
ex:	1
ey:	7
shortestPathLength:	35.421833
straightLineDistance:	27.294687
directness:	1.2977556
distanceCoverage:	0.64334196
minMapCoverage:	0.8349006
shortestPathHeadingChanges:	11
minHeadingChanges:	5
