sx:	26
sy:	29
ex:	6
ey:	11
shortestPathLength:	37.40199
straightLineDistance:	26.907248
directness:	1.390034
distanceCoverage:	0.63420993
minMapCoverage:	0.8815733
shortestPathHeadingChanges:	10
minHeadingChanges:	9
