sx:	3
sy:	25
ex:	28
ey:	13
shortestPathLength:	34.434807
straightLineDistance:	27.730848
directness:	1.241751
distanceCoverage:	0.6536224
minMapCoverage:	0.8116362
shortestPathHeadingChanges:	11
minHeadingChanges:	8
