sx:	5
sy:	17
ex:	10
ey:	1
shortestPathLength:	18.71254
straightLineDistance:	16.763054
directness:	1.1162965
distanceCoverage:	0.39510897
minMapCoverage:	0.44105878
shortestPathHeadingChanges:	6
minHeadingChanges:	6
