sx:	6
sy:	17
ex:	23
ey:	10
shortestPathLength:	39.135937
straightLineDistance:	18.384777
directness:	2.1287143
distanceCoverage:	0.43333334
minMapCoverage:	0.92244285
shortestPathHeadingChanges:	9
minHeadingChanges:	8
