sx:	7
sy:	24
ex:	22
ey:	22
shortestPathLength:	28.595242
straightLineDistance:	15.132746
directness:	1.8896267
distanceCoverage:	0.35668224
minMapCoverage:	0.6739963
shortestPathHeadingChanges:	8
minHeadingChanges:	7
